[0.0, 1339.3989036684577]
[1343.6698785263839, 0.0]
[1428.4038158478145, 152.31764500071847]
[1318.356333047229, 0.0]
[1323.774194402249, 0.0]
[0.0, 1225.3403411571626]
[1355.6895421013908, 0.0]
[0.0, 1329.76861336143]
[0.0, 1189.1964275010491]
[1356.3668182687409, 97.46693437149251]
[0.0, 1362.5610575250819]
[261.96932223385494, 1423.8377188547652]
[1254.3008393836778, 0.0]
[0.0, 1378.0689940809586]
[10.955422229399261, 1355.4290317375073]
[1190.398566576718, 0.0]
[1234.1307128615606, 0.0]
[1377.3329082057483, 225.9723815441429]
[0.0, 1358.9652583756856]
[1152.1311554943743, 0.0]
[0.0, 1302.6571546252615]
[0.0, 1367.9074076192776]
[0.0, 1291.2642038821261]
[1317.7171297294624, 0.0]
[31.528753869807872, 1456.4014521766471]
[0.0, 1246.211146562419]
[1323.2712774129386, 0.0]
[1405.8318188293915, 411.5089160770421]
[1327.620322876874, 0.0]
[1349.3270712895037, 59.46799843881573]
[1262.2608649286908, 0.0]
[1280.9356581642664, 0.0]
[0.0, 1418.7202227041435]
[1239.0029377724568, 0.0]
[1464.0311975237498, 6.205651517882822]
[1133.4864031553232, 0.0]
[0.0, 1266.7662189635976]
[0.0, 1236.6626919744517]
[1234.4681028552668, 0.0]
[1178.612337779474, 0.0]
[75.07213794344293, 1317.3985441441898]
[0.0, 1249.384991939579]
[0.0, 1434.4407215795359]
[0.0, 1245.8828611228073]
[1363.3405105082313, 1.2374900304948326]
[0.0, 1145.4201867247666]
[1395.0958768121504, 0.0]
[0.0, 1331.7167286900426]
[1306.0153415761267, 0.0]
[0.0, 1291.8254056553717]
[0.0, 1385.2374902512763]
[1310.8168294125333, 0.0]
[0.0, 1399.5939840012456]
[0.0, 1321.2841751115805]
[1275.9268497216385, 0.0]
[0.0, 1325.1406598263225]
[23.878494513940648, 1367.1753046195806]
[0.0, 1282.137566046891]
[1216.0363024340936, 0.0]
[0.0, 1361.2197782946855]
[1202.178020023554, 0.0]
[1286.6921375137174, 47.362806038661496]
[0.0, 1169.2591503738872]
[0.0, 1374.398795443783]
[0.0, 1307.3978959572905]
[0.0, 1360.834522575807]
[1406.3094884671332, 204.1137350698855]
[0.0, 1226.317336985678]
[0.0, 1225.4854674183694]
[0.0, 1323.3403667909827]
[1426.4218739075882, 110.19056210095351]
[317.32378548048877, 1453.4575457853332]
[1355.0043537779459, 0.0]
[0.0, 1262.0569743351532]
[1425.7616122130414, 0.0]
[0.0, 1414.851773662336]
[1223.1518776364824, 0.0]
[178.03256812762473, 1404.5382593830736]
[0.0, 1193.7376225453613]
[1276.32772545175, 0.0]
[0.0, 1332.4829686985406]
[1473.8777934249574, 0.0]
[1413.3769760253194, 33.45258360040174]
[1257.6300662792546, 0.0]
[1397.3295835706044, 349.3593132982125]
[415.0436099785906, 1494.8204455743046]
[1426.6092581224862, 129.59045974233143]
[0.0, 1303.568288965022]
[1451.6708077273847, 286.06957390091225]
[0.0, 1372.9157336320689]
[0.0, 1383.41831285391]
[0.0, 1377.111103565119]
[1351.928192811644, 80.54083769385792]
[1477.5920248114583, 302.8678009866386]
[315.2223909900705, 1535.7304369452927]
[365.51501054660343, 1434.9924560283775]
[1325.5965051240787, 0.0]
[1340.8248886219658, 0.0]
[1318.0282481885463, 19.799598555856214]
[372.19424130528205, 1472.5566206265203]
[0.0, 1215.099767629144]
[1363.9372701225516, 412.5773874227216]
[1433.062154489679, 520.9531559062942]
[1536.771547046986, 322.52007842426787]
[65.34451175161584, 1455.502023667869]
[0.0, 1333.1153716248987]
[24.563550488920455, 1455.2794999807984]
[1517.9831192081472, 210.8689056340362]
[296.72023693986716, 1533.2653663791489]
[121.52543271849417, 1435.999097252159]
[1578.4543396482895, 463.0387641890937]
[251.01209948737318, 1652.7220720997163]
[1517.0889734878804, 318.8140301786567]
[236.30008434228168, 1601.2431548778382]
[709.4171271721956, 1687.214685511148]
[438.6376409757937, 1508.9133331840824]
[521.5300982392312, 1626.0062648916035]
[1528.4793947118474, 574.9288153941523]
[1514.319456708662, 318.75261976016355]
[471.34780184202566, 1702.3034473697144]
[598.7673900320476, 1715.0788148177282]
[577.5659726578476, 1730.9025143699334]
[545.4038160047677, 1714.0672826159182]
[816.359052384388, 1762.4314011176457]
[798.0353233951564, 1714.1635062815756]
[425.8549553384671, 1739.5725996653264]
[1836.4016104533591, 893.6018504100435]
[1754.462797211356, 514.7645302911037]
[1742.0047589989017, 658.6792429533556]
[730.3054107708142, 1788.902881172823]
[772.5861783347383, 1829.9456691268233]
[530.6622823370087, 1805.620178974563]
[819.2097102541844, 1883.5584804880132]
[657.8611618163887, 1831.96399261455]
[1765.1205638065742, 738.3255860795902]
[921.545325427523, 1736.3455241474487]
[1632.0707527464835, 682.0131577645552]
[798.3118932626519, 1656.1525071654698]
[556.7608036557556, 1744.4070701996573]
[749.3680485590756, 1462.4580218455148]
[1511.0560350990716, 647.0222862412925]
[653.6896962399104, 1406.317402828252]
[1628.3136980580625, 577.0192695494839]
[584.0067323631538, 1457.7714041212785]
[1388.989915343566, 590.3406056597694]
[1551.1658717466225, 592.1000599355698]
[1667.6619968997027, 630.1754947133006]
[1582.8568853737086, 638.9288043571617]
[1497.7857434611747, 541.0706087722702]
[1403.3223190607623, 418.9146241630362]
[1511.1602189701223, 522.5991772036695]
[1631.9562088976313, 579.2950380787499]
[490.2854462513258, 1395.1051039095526]
[1558.9739933403253, 457.61411493059035]
[518.4954014624379, 1603.2820020968866]
[618.3764748341348, 1545.7461046023711]
[1576.132625374742, 640.7571638695674]
[1549.6631028027243, 660.5992053845491]
[1388.9109049637823, 533.7337158227765]
[400.20252455577526, 1373.512894636526]
[565.68256990016, 1555.3010397829453]
[533.9797664004362, 1340.6088969099112]
[458.5181946232148, 1539.8520391499671]
[498.98322691077215, 1381.2054128801838]
[1577.998103775157, 540.5111991758728]
[1431.2501275288694, 721.3714315702998]
[1370.012642792652, 636.4177083538164]
[1500.8550577098438, 572.4149610841001]
[594.5450123527145, 1460.1068321226871]
[602.4394066043706, 1550.984586435408]
[462.9019921386146, 1449.9597630430808]
[607.3860393851411, 1500.7586399179402]
[1555.9525260238477, 595.4281121115608]
[1626.5754803694736, 616.5496813763583]
[1502.8325809815328, 547.2534191833445]
[580.8223689192016, 1420.633382690602]
[442.1816265183185, 1537.7423628041995]
[672.2904560206748, 1495.1805821153337]
[1563.7235716569107, 574.8104894272982]
[1365.329932340204, 479.50954048393197]
[1361.1606708142863, 450.55531963016267]
[1636.7933087946599, 755.7726333171868]
[506.35783625008474, 1368.098569384414]
[1527.092977965927, 454.49847463733875]
[637.2532193413549, 1461.174698488425]
[540.7839865223755, 1377.2337134022239]
[686.8431567031048, 1599.4262193557142]
[1487.2632134562382, 710.1887434147314]
[1475.848341681121, 621.0710652859063]
[566.1834965238265, 1456.2342295265432]
[1510.8664297167074, 548.421251418732]
[383.24959498169176, 1530.6207425483733]
[613.0623581117624, 1396.7879919434563]
[1637.32617235978, 592.8941366095785]
[519.3701537468887, 1478.7340476028403]
[631.2255027167113, 1604.6237568552308]
[1385.8211179603452, 450.2804601462549]
[643.3610650465787, 1557.7330055179743]
[1357.8378198904907, 578.8732693175492]
[654.0278777064273, 1508.9870871600333]
[438.51697901601926, 1586.7853363193608]
[555.8326758245563, 1436.4000539360336]
[1473.174953084245, 668.1290060434294]
[1670.452725964295, 597.8686955987492]
[1659.9460589167395, 581.5756818674962]
[517.0737878131966, 1673.59606436715]
[642.9800183480947, 1545.8490346729047]
[1374.0405965810678, 491.6661893049249]
[1552.5676191621546, 507.9796361640474]
[1364.6555965839477, 543.2396573790826]
[740.6092509129512, 1553.6660481034417]
[489.62691347997605, 1387.2725534436422]
[547.5487536796796, 1629.9291327498825]
[1417.576491914192, 572.138294687986]
[1370.1836805832302, 389.3440764527825]
[462.90777489916263, 1585.5904451101912]
[1477.8485158434946, 611.0751018945799]
[1546.8759115424705, 678.6629769067242]
[1547.7261368371378, 598.8428245661121]
[1373.6953540270692, 453.67736918331]
[1405.5711356793486, 548.9960410162154]
[651.4825053467149, 1510.903881160663]
[1581.0220461911372, 590.4365580466371]
[1592.7483601187741, 415.4859789795444]
[428.72411352914656, 1380.5835198516722]
[481.8609997334562, 1295.6612428876304]
[1594.0674828717126, 575.9523917289606]
[510.32161052929865, 1421.993202471157]
[428.25383962253073, 1474.671357944065]
[1420.8711334179723, 682.2264479770229]
[595.0207998179088, 1477.3425964838445]
[1470.166274182278, 477.86342246183017]
[1540.509106020121, 659.2383291507679]
[512.4468964820713, 1315.3077164660046]
[452.1655183664134, 1550.2958548176994]
[1518.6918773939924, 353.642469049712]
[1460.7708925004429, 592.2770081185286]
[1342.6914977011738, 389.0127479619076]
[575.6712698809973, 1643.129595130541]
[1431.3692360130515, 628.2092181920844]
[1373.3297378521813, 549.3678111731901]
[617.1694042359236, 1663.7661493791204]
[1352.583573070727, 407.5771566676699]
[335.21536611166465, 1428.1580434970592]
[1429.7833108478872, 658.1108234295353]
[467.1155091079124, 1535.7328623458968]
[513.7548595844471, 1531.159424507993]
[598.7930105798181, 1519.3507709842963]
[1640.66695733229, 724.7810446389633]
[1592.2328453266055, 781.0173064918617]
[1823.4359813334568, 705.3636986883852]
[1811.588417833574, 742.1570734510847]
[1526.024594087522, 721.5417997345421]
[898.7375412830725, 1770.7355319850828]
[1692.0142088475545, 780.9857846151052]
[850.8084829422427, 1814.0032961684417]
[1672.41807745752, 355.09416714788335]
[1682.7345422606543, 691.9988513467713]
[251.76551496981213, 1592.343454694192]
[394.63325826385164, 1550.285890693386]
[585.2451038405309, 1701.3396680090427]
[1744.0869661937631, 525.5168399676559]
[1502.0615862663908, 210.62804376714405]
[2.9475697018869824, 1271.834490467477]
[0.0, 1328.253424815524]
[1225.9829136920916, 0.0]
[0.0, 1299.9112895386731]
[0.0, 1371.1430395916227]
[1582.9012768951598, 373.12765865539967]
[424.4572057280792, 1647.0992373025413]
[1684.8294018712068, 617.1088819029573]
[639.5377617777139, 1809.9038126580128]
[1798.6354095657596, 532.3132693580123]
[508.6988815856565, 1820.9575326282181]
[699.984203255944, 1732.1096364483687]
[1506.33143706349, 521.9565282239145]
[693.1322179213762, 1813.7430987347343]
[572.9266335407608, 1815.329868560944]
[525.5625809800822, 1634.0372474307726]
[616.3313326335025, 1838.7515976686896]
[1832.1201320651046, 560.2999139031984]
[639.7353018934376, 1560.2242473929782]
[1789.3245772781286, 601.6177028133002]
[1736.2116632097598, 486.6281568729366]
[1847.4919980439051, 754.0109886489086]
[1464.2680594356123, 596.3111743593334]
[483.71155162474065, 1705.5520847929338]
[468.76833798270735, 1342.6485886031262]
[1599.3631366258203, 492.406821525317]
[384.23446183998703, 1391.7742668555607]
[498.79579255670654, 1464.0943662500288]
[1590.1006851209768, 413.4899732935377]
[1345.9995284204751, 401.54562201527915]
[1295.0727489246049, 386.9419225855775]
[1595.7569206590767, 476.54927309146586]
[434.70416897314556, 1358.1889841274508]
[1424.0697944603533, 494.3992812943818]
[1583.6929208345196, 550.5417720243368]
[671.2214769990213, 1450.0588580257097]
[1337.7282989994753, 511.77292687026875]
[597.5780454040629, 1484.2979431115825]
[521.6414971322075, 1569.1966762518334]
[1371.5359256030697, 262.6198828390502]
[532.7498364799088, 1562.0353469890936]
[1452.391966714404, 546.2938114740796]
[1478.1057231857765, 451.7383194851414]
[575.2541639211356, 1511.0402969176453]
[1463.734407656228, 430.7116331866693]
[1482.0089480131146, 526.7499203035765]
[502.20032244685746, 1312.5003586287796]
[1634.0720503834245, 446.76609272377766]
[1521.8389591328432, 256.127361400943]
[594.6962889667911, 1526.1300910514756]
[1279.7989014052228, 344.0410623735565]
[1571.795872600423, 534.9233743422442]
[410.45218785622194, 1359.807217608391]
[546.6535303484493, 1468.850974981613]
[1558.8879177380388, 404.8112648834116]
[474.490599099501, 1362.8017219981257]
[394.06763260107914, 1473.3977639298123]
[1741.838475259875, 671.1012499639295]
[1732.989091310669, 731.1352239705074]
[1819.731686789533, 691.9000218042148]
[383.5006084520848, 1663.8975269686696]
[1423.4406890014825, 174.21264638125422]
[0.0, 1041.5213198959475]
[0.0, 932.2598936045484]
[1146.2702791978309, 85.10738787376707]
[237.22700543225108, 1366.7542233570966]
[1783.6423866020457, 880.6366525496157]
[1613.5459527757635, 731.6894975415883]
[691.1847795678508, 1786.6343630163874]
[462.80204770243495, 1547.7997028451234]
[494.1595578576208, 1568.3197809723308]
[357.6436851628476, 1507.5770123617326]
[705.7636410224208, 1666.7013525843117]
[1715.5262482183216, 700.3667171232804]
[1508.8936766676427, 570.8384621077792]
[1864.480381837806, 793.8948611565611]
[435.1533410857319, 1523.980343611297]
[808.6918753759993, 1825.7072944628842]
[1750.341336944638, 706.2209565780806]
[507.59394200655504, 1812.0030503836379]
[1817.2563205932097, 800.9028578923521]
[448.6950480991376, 1546.6915037824904]
[1359.0090272258685, 129.15809611231336]
[1226.207123416768, 78.07403418990442]
[0.4753651211035294, 1389.8233748537182]
[1040.460184074462, 0.0]
[0.0, 1160.6632773947124]
[1240.5153236146714, 0.0]
[0.0, 1051.3811136174133]
[0.0, 1042.3157609395978]
[0.0, 1107.6831451719272]
[1100.7966495300386, 0.0]
[1078.0340272004814, 0.0]
[0.0, 906.2080887508191]
[0.0, 1145.8140696646146]
[1165.348862565513, 0.0]
[1162.3745486010005, 0.0]
[1139.844760864412, 0.0]
[1469.3088968386644, 232.36099568359109]
[547.4111801765429, 1534.0926982714557]
[646.2269673534907, 1606.12990184145]
[1554.934417755657, 497.06003752784125]
[311.5698512328605, 1613.3807137402252]
[519.1834468669356, 1736.4601253497867]
[1693.143186868256, 432.35358323261073]
[1634.8780292652507, 342.93382984198007]
[1747.6175226712164, 814.1306368301725]
[549.9433454223988, 1685.7386586553062]
[166.56044912671535, 1666.9619412160148]
[665.7259167849616, 1729.0091251651818]
[384.4407232211643, 1640.0539793582843]
[1732.8623273075673, 408.5115747392924]
[386.3535779767015, 1640.5647376285883]
[1606.6255068109672, 302.08907862665]
[1619.1099813781905, 487.57547805904414]
[1632.140085122957, 499.25974536248145]
[1635.9444821564584, 469.0394182372819]
[1770.9470609695434, 817.3772220943289]
[1602.9750788540116, 260.93078328346564]
[1700.0139367257793, 453.7802996176422]
[1619.8664654766435, 342.5759648222921]
[660.3009303723809, 1701.5007610415723]
[1556.342343682192, 270.26799869546]
[819.8729323554411, 1709.0709877293425]
[1574.8696649286217, 459.1508782774667]
[1688.2171701140308, 548.7376809373416]
[649.7270219340801, 1604.1038354489083]
[1631.2893597829432, 310.3996620113277]
[590.9600180598071, 1513.2149540999962]
[420.4906910457448, 1597.646761958242]
[96.77063070037754, 1476.9440434928665]
[1294.3146870113626, 469.3862343318211]
[713.5782456927454, 1640.5458956064222]
[466.8661046615078, 1384.0140094674086]
[432.0992593711187, 1610.2126053511645]
[1605.3625619013967, 473.9225049910184]
[1504.1386718525187, 300.2621122900416]
[1664.1270786797195, 651.2116516087262]
[1572.608756601289, 299.5517094700991]
[717.1057048328527, 1640.4805179013586]
[1604.5208701231852, 392.9829023756064]
[1535.3757944120068, 364.0938501284015]
[655.5259558675668, 1661.1096130777578]
[501.7102851079417, 1662.269359086227]
[1638.3240853194118, 618.2139186318058]
[1623.5391932541327, 166.02262356243833]
[1724.226205916849, 845.264280812057]
[697.6258155827892, 1418.543455059679]
[1585.380405757192, 575.8540463175701]
[671.5375492027506, 1582.4102935500232]
[776.7695590930157, 1339.2734759904295]
[228.3770766828027, 1148.4122627664938]
[226.5538410933187, 1386.0027983958516]
[0.0, 1260.159592876626]
[1181.6969042576748, 0.0]
[0.0, 1007.8610668810372]
[0.0, 1026.4254954199287]
[0.0, 1095.0856914142094]
[917.3712407321119, 0.0]
[1068.2382445094006, 0.0]
[723.911404579412, 0.0]
[1112.489156924721, 0.0]
[1021.2535271089265, 0.0]
[0.0, 1135.1868433380969]
[914.9739966192578, 0.0]
[132.53650012079228, 1353.3579115587456]
[0.0, 1258.0015730485845]
[1251.815494296656, 503.8945098365641]
[22.721746033635263, 1427.4346276870763]
[1438.3377076590014, 446.88589076333056]
[1566.350654405138, 831.8798897804805]
[860.0852143641545, 1713.943084596296]
[1435.5995005351167, 650.7588179869193]
[1736.3867792925148, 927.9909278322928]
[744.2036291671797, 1563.0480989922976]
[1753.6770076607052, 755.0769072221265]
[1778.7091768166395, 621.6588269459762]
[984.272586733561, 1853.3305392556774]
[652.9689492926112, 1717.6916045832777]
[1699.5627327496056, 887.0027178414491]
[618.1997158762545, 1729.6903806437533]
[1699.2898840455846, 525.0830748772465]
[1707.688794948114, 891.9312232534631]
[1777.8294043888611, 773.5346349231489]
[483.8483983215983, 1662.2152881922846]
[1697.4065460894833, 676.2526015339562]
[493.8779371823787, 1724.0082200627412]
[469.8353440772305, 1766.0116241737187]
[595.9645224279371, 1755.595579066406]
[456.91500028186124, 1649.098129737866]
[713.6919866283228, 1748.1603282717158]
[1797.4616543078348, 545.3802049606325]
[0.0, 1648.3485002934403]
[402.3042909562906, 1628.8051900626963]
[456.4961503852967, 1662.7025967540542]
[1643.4456409049956, 445.87766909779543]
[284.64919931480733, 1616.2238539147188]
[583.2835764361324, 1631.3617356966338]
[591.4559648847335, 1687.7450633138499]
[285.11147711339135, 1641.1262335456115]
[600.1653996434943, 1650.199458626289]
[487.09574960697404, 1715.9451249147498]
[521.4362089254024, 1677.8580496719833]
[1613.8372755224398, 473.6601851703191]
[1603.7437141540368, 177.1045421595106]
[640.204860461206, 1634.2871267826579]
[347.91241268084053, 1622.8454051882886]
[369.0724598576263, 1606.546413514684]
[1652.0551264511575, 375.4686157928387]
[483.52909507600384, 1639.4511957723184]
[315.7701251937999, 1618.4048470313485]
[1609.1160049359087, 317.43000166140666]
[467.91559810418295, 1647.9909095768346]
[1613.4768169988406, 394.409463174305]
[186.9024282011683, 1596.2255540808908]
[1603.2089842450778, 468.4497506500568]
[526.4483952976154, 1619.015855729006]
[508.0213546761326, 1626.1733018532525]
[628.1536956816728, 1636.172023101489]
[611.5726411719165, 1709.2041346065425]
[1649.609363383744, 486.4947466017694]
[174.15048768282028, 1613.10504282409]
[443.72607908266, 1621.4350431101552]
[1618.2779137509742, 462.68747380248203]
[1651.0844401256384, 331.6766367120521]
[480.8054962826969, 1609.1349078832136]
[598.5606252200271, 1608.617121443745]
[27.169752683983766, 1673.4347691964233]
[1663.4753512736315, 486.0179349665054]
[516.2787250484389, 1620.094770927928]
[1619.5085023194108, 425.9172124254779]
[1672.8446980040194, 601.2976040422104]
[1624.9094289596455, 356.0824824158523]
[1608.299908532704, 338.6304447671508]
[680.8231605460269, 1700.1235274229534]
[1596.1667355575748, 448.804682279354]
[1565.4685392326066, 294.0651151987782]
[444.8598679947131, 1618.5271959572356]
[101.38072755745351, 1441.8039673783423]
[392.8354346894406, 1564.606793552569]
[0.0, 1198.3025524276384]
[0.0, 878.2283694935056]
[0.0, 883.0302615380768]
[835.6836286866976, 0.0]
[0.0, 1085.033283643345]
[891.1057419582504, 0.0]
[793.9049889986577, 0.0]
[0.0, 807.4591046163546]
[0.0, 884.834957422775]
[0.0, 671.8193266281081]
[868.8784089393444, 0.0]
[729.8364323467388, 0.0]
[0.0, 610.5153993990432]
[0.0, 937.9116746183827]
[0.0, 988.6292941113162]
[0.0, 525.0163122292415]
[636.8078715276899, 0.0]
[726.9752815469789, 0.0]
[0.0, 537.1322819048562]
[0.0, 595.5592188630609]
[860.5603486958745, 0.0]
[0.0, 517.9913204311015]
[573.122796353956, 0.0]
[0.0, 586.388821882653]
[680.17920818368, 0.0]
[580.522780086236, 0.0]
[0.0, 571.4158299918469]
[668.3565625111037, 0.0]
[0.0, 541.4127407629878]
[0.0, 599.4018126009902]
[642.9011355554753, 0.0]
[529.0596730096653, 0.0]
[533.9646749267027, 0.0]
[0.0, 447.97909486601645]
[0.0, 418.0545333818172]
[0.0, 573.5889383559556]
[0.0, 532.6287876206404]
[456.1157386153842, 0.0]
[0.0, 556.7346993529441]
[525.8737227895922, 0.0]
[0.0, 401.09176567173563]
[0.0, 608.889563181528]
[0.0, 415.8949277639159]
[676.9780896469989, 0.0]
[0.0, 641.2394591951746]
[535.253303371901, 0.0]
[595.7301907321569, 0.0]
[422.8471308325408, 0.0]
[0.0, 522.2494420151719]
[494.4918983851788, 0.0]
[445.6506950038486, 0.0]
[0.0, 436.7040996037064]
[443.6198918669994, 0.0]
[485.2606023796329, 0.0]
[0.0, 415.79809001906347]
[621.8619288799304, 0.0]
[560.0058464983748, 0.0]
[0.0, 487.06592023684567]
[0.0, 447.43947426903185]
[488.4960950488326, 0.0]
[0.0, 419.1506013016578]
[549.860934921577, 0.0]
[0.0, 633.7015712142141]
[0.0, 508.73360235083317]
[540.8645612970057, 0.0]
[487.68072835605057, 0.0]
[0.0, 635.8768216124137]
[0.0, 436.4625905138275]
[0.0, 481.7022196196917]
[0.0, 431.796488319117]
[511.5764310213249, 0.0]
[651.4966453817333, 0.0]
[456.58923893749034, 0.0]
[468.3846932653967, 0.0]
[715.1523176351159, 0.0]
[0.0, 772.4380908573482]
[517.5393520469872, 0.0]
[0.0, 653.539109446925]
[397.9143282579281, 0.0]
[0.0, 397.7158210163599]
[0.0, 727.9563101450295]
[463.0015743060084, 0.0]
[0.0, 406.8553675817405]
[761.768540940396, 0.0]
[770.4238229523894, 0.0]
[617.3735929549762, 0.0]
[722.208024971958, 0.0]
[0.0, 404.22541999153384]
[537.8612251854865, 0.0]
[0.0, 499.0586510987636]
[478.4421510252668, 0.0]
[582.8557962820934, 0.0]
[392.96735367026747, 0.0]
[493.95917898892844, 0.0]
[0.0, 589.0552810814802]
[748.8147996326285, 0.0]
[328.0872853348706, 0.0]
[505.93728968760024, 0.0]
[514.7475075501618, 0.0]
[0.0, 442.4265719939529]
[0.0, 338.453863662575]
[754.5925802888745, 0.0]
[459.74333774717235, 0.0]
[0.0, 411.6859445743358]
[0.0, 402.56066828164614]
[689.2700630678925, 0.0]
[437.3344599028017, 0.0]
[424.3657225888804, 0.0]
[0.0, 462.4340538547357]
[366.13858762003895, 0.0]
[459.8594866803211, 0.0]
[440.1197708804351, 0.0]
[0.0, 458.83635415996395]
[0.0, 577.4682356569723]
[0.0, 300.87299761560723]
[349.83722169121916, 0.0]
[327.640113393412, 0.0]
[369.58132312120347, 0.0]
[0.0, 366.79484419052693]
[0.0, 555.7556513497207]
[312.13010746215963, 0.0]
[477.38578293478344, 0.0]
[551.0365212251454, 0.0]
[570.48312490834, 0.0]
[0.0, 371.45046148633145]
[0.0, 498.19920410029033]
[354.71890461620336, 0.0]
[383.14905336592193, 0.0]
[0.0, 414.05100751228406]
[0.0, 359.9888868433382]
[348.77064077758075, 0.0]
[305.243702865815, 0.0]
[376.662792635247, 0.0]
[583.390064045365, 0.0]
[555.9153431783707, 0.0]
[0.0, 451.94805516274084]
[0.0, 386.76291510089635]
[686.2069449158511, 0.0]
[0.0, 524.4263963773554]
[0.0, 325.6439185581412]
[647.2810770707249, 0.0]
[374.59980592861893, 0.0]
[0.0, 428.62679273792486]
[678.3282618735186, 0.0]
[0.0, 389.56044301476055]
[674.1531849947801, 0.0]
[0.0, 451.6082281201741]
[0.0, 337.89230410067483]
[0.0, 408.39537142146906]
[0.0, 545.2990010275527]
[0.0, 479.95037781636734]
[448.90737272681463, 0.0]
[544.9644879495189, 0.0]
[424.6785029492259, 0.0]
[604.0265339459412, 0.0]
[0.0, 491.5187605384602]
[0.0, 343.31750036137777]
[380.9685812646567, 0.0]
[0.0, 401.6976938809727]
[481.6438153330228, 0.0]
[508.8056250302609, 0.0]
[340.77855533388384, 0.0]
[362.6323686088414, 0.0]
[0.0, 470.89754645284484]
[0.0, 526.5100238239444]
[0.0, 345.07073871017985]
[0.0, 380.68168133772093]
[0.0, 538.9787450366232]
[0.0, 311.89185786762573]
[0.0, 580.4114232377426]
[0.0, 380.9166851333592]
[294.54839380789724, 0.0]
[0.0, 462.2736091267613]
[364.045090476302, 0.0]
[0.0, 376.8628288395441]
[0.0, 402.6804419945437]
[0.0, 303.8072823635564]
[0.0, 579.817327326368]
[460.3188671462661, 0.0]
[641.6005413495608, 0.0]
[474.20829250111734, 0.0]
[587.3761579753693, 0.0]
[0.0, 341.91690640053775]
[498.1770772990519, 0.0]
[0.0, 299.31652482602084]
[307.49147020257175, 0.0]
[404.4031895411951, 0.0]
[602.7008240903409, 0.0]
[0.0, 341.86740662149805]
[541.6457675052964, 0.0]
[501.83204809154995, 0.0]
[662.0673753359183, 0.0]
[0.0, 302.9756194332793]
[0.0, 458.7900536906976]
[0.0, 429.25853155419406]
[447.1387830983148, 0.0]
[0.0, 508.92966747477374]
[379.6648252032218, 0.0]
[454.6591216628274, 0.0]
[438.2246113038889, 0.0]
[0.0, 461.0788700867258]
[379.7937799025377, 0.0]
[0.0, 415.42373994220094]
[413.046920276638, 0.0]
[459.0872257692726, 0.0]
[0.0, 488.10443478887606]
[400.97438009555003, 0.0]
[400.93306919709084, 0.0]
[0.0, 435.72601087871016]
[0.0, 512.3732853094959]
[0.0, 615.0075966790673]
[0.0, 383.46637488746944]
[0.0, 363.5819191465832]
[0.0, 376.0981821581429]
[0.0, 415.2643240955476]
[0.0, 510.19710301794504]
[570.5126920463376, 0.0]
[0.0, 524.7042400372767]
[0.0, 471.22770467842037]
[421.84064230703603, 0.0]
[0.0, 500.45043393239126]
[422.04415788477763, 0.0]
[0.0, 366.4480028682788]
[343.7215416068311, 0.0]
[0.0, 315.6378849360265]
[0.0, 373.9938216950766]
[404.55132849132707, 0.0]
[586.9502983335307, 0.0]
[515.6400838614825, 0.0]
[392.1417928926217, 0.0]
[0.0, 324.8355935478608]
[495.49381596274213, 0.0]
[361.45792562089036, 0.0]
[516.7638288212589, 0.0]
[0.0, 415.92537586489505]
[456.5634004783377, 0.0]
[0.0, 376.6852899367177]
[316.41217210051246, 0.0]
[0.0, 484.5861408870151]
[0.0, 680.993340683174]
[723.8626211943013, 0.0]
[0.0, 489.82717318942997]
[593.5884779889047, 0.0]
[0.0, 583.8345454703768]
[622.9164503244, 0.0]
[0.0, 421.7573949876391]
[0.0, 527.0866608357234]
[0.0, 454.6471515777468]
[486.8866476701972, 0.0]
[915.6331441764492, 0.0]
[0.0, 730.8371987453027]
[0.0, 453.88203592396343]
[0.0, 775.8801354364192]
[0.0, 559.4692926353368]
[0.0, 668.3003959478866]
[0.0, 903.6485212574511]
[0.0, 630.059590244075]
[644.8072196204803, 0.0]
[0.0, 702.689264268626]
[507.1952564685396, 0.0]
[0.0, 366.4369547164139]
[0.0, 884.761498455807]
[0.0, 898.7951552037254]
[0.0, 701.4665423187378]
[924.486288632043, 0.0]
[581.5279809126166, 0.0]
[820.3366411354361, 0.0]
[684.9430849322375, 0.0]
[0.0, 764.667849189859]
[0.0, 804.7095428868661]
[780.3539819191376, 0.0]
[546.6599689951531, 0.0]
[953.0897467574088, 0.0]
[0.0, 700.6663126099809]
[0.0, 667.3505336209565]
[0.0, 509.3195047222739]
[837.374991241786, 0.0]
[0.0, 855.5880332469643]
[0.0, 820.2154023785075]
[563.4156594851579, 0.0]
[781.6319580473612, 0.0]
[0.0, 640.5125375476167]
[675.8340758246933, 0.0]
[0.0, 645.3970825694714]
[0.0, 567.7432471700556]
[770.8473290155684, 0.0]
[0.0, 359.2369453319359]
[0.0, 303.27187000288785]
[705.771836827262, 0.0]
[0.0, 754.0888321054596]
[0.0, 514.4390312501649]
[0.0, 341.66139223303486]
[0.0, 396.3759785701281]
[650.5211939806454, 0.0]
[569.2482087158584, 0.0]
[0.0, 638.2073647946429]
[775.8535346784342, 0.0]
[853.8025553428987, 0.0]
[712.9069884887332, 0.0]
[0.0, 403.13524611938476]
[0.0, 401.96676659141764]
[849.3653527336161, 0.0]
[420.5201814083771, 0.0]
[402.1001408332561, 0.0]
[0.0, 579.6235134294218]
[728.2216624253084, 0.0]
[543.3393965110171, 0.0]
[567.9919268937925, 0.0]
[554.5003079100683, 0.0]
[0.0, 564.4806058594596]
[657.7851209382428, 0.0]
[562.7440699293112, 0.0]
[463.715966323673, 0.0]
[0.0, 506.77636886534424]
[505.45231425843866, 0.0]
[0.0, 327.1182786244583]
[0.0, 454.7052298398729]
[0.0, 337.7418333298732]
[0.0, 495.66219422549415]
[512.3457554465641, 0.0]
[0.0, 601.145622100884]
[317.2239778724925, 0.0]
[360.39063110793563, 0.0]
[0.0, 452.35443105998405]
[422.36186033825936, 0.0]
[500.0259023615292, 0.0]
[338.5146709887283, 0.0]
[338.15184022276907, 0.0]
[0.0, 368.85226708181585]
[297.1206219821374, 0.0]
[0.0, 604.7678497088468]
[0.0, 347.5567558829705]
[353.4483486703506, 0.0]
[0.0, 598.0743248284073]
[408.53991569847653, 0.0]
[367.3965081252348, 0.0]
[412.9867417521076, 0.0]
[455.88610644639647, 0.0]
[0.0, 476.04979477534874]
[0.0, 358.34704860442884]
[0.0, 434.49430489914346]
[320.62728305595556, 0.0]
[0.0, 622.327423081819]
[474.2693578148172, 0.0]
[725.9432112959818, 0.0]
[423.90047116964246, 0.0]
[592.8671354639397, 0.0]
[526.3223440745445, 0.0]
[0.0, 590.5441135197356]
[0.0, 535.5442214419671]
[439.72563483150515, 0.0]
[896.9951412467832, 0.0]
[0.0, 644.0668013950359]
[0.0, 395.03840322639695]
[0.0, 786.0415039491301]
[0.0, 935.4509093234807]
[682.6966123401268, 0.0]
[893.3866497021369, 0.0]
[702.223375474426, 0.0]
[0.0, 1027.2655020875466]
[0.0, 780.8108212003373]
[0.0, 1058.5294202152832]
[780.5968276965419, 0.0]
[0.0, 978.4010293033684]
[0.0, 741.472676958983]
[945.861864855905, 0.0]
[0.0, 884.2150308722914]
[0.0, 620.2266595625422]
[0.0, 1019.7981310980432]
[760.5398376584798, 0.0]
[0.0, 604.407775739198]
[796.9211339666329, 0.0]
[0.0, 546.2459903052729]
[0.0, 585.9155499939488]
[0.0, 710.7860687327313]
[636.7475889259395, 0.0]
[533.4502793163416, 0.0]
[0.0, 640.4570855323628]
[619.2470711335054, 0.0]
[549.797473431916, 0.0]
[0.0, 627.887079376686]
[0.0, 763.0911731780521]
[565.1458099936616, 0.0]
[0.0, 525.1296560144328]
[603.685464969659, 0.0]
[642.0064199967547, 0.0]
[0.0, 345.5266143281943]
[535.3096213649752, 0.0]
[489.08342326487127, 0.0]
[0.0, 554.7546862016875]
[0.0, 591.3491742043522]
[542.3413865888394, 0.0]
[0.0, 311.6691511001844]
[575.0928218325216, 0.0]
[484.87376941198465, 0.0]
[431.84339501356703, 0.0]
[0.0, 534.6375427922453]
[346.2810919498565, 0.0]
[361.56974293931114, 0.0]
[0.0, 499.2217319981204]
[0.0, 390.38037079384156]
[380.32462375476695, 0.0]
[455.5996728241084, 0.0]
[394.3477699192007, 0.0]
[383.4701242628259, 0.0]
[0.0, 296.79139832825405]
[529.5598446831575, 0.0]
[0.0, 464.93024688395644]
[385.7705179317603, 0.0]
[0.0, 283.02331262238863]
[0.0, 434.65509559096455]
[0.0, 450.8620274443668]
[442.47329925386276, 0.0]
[0.0, 545.3795956097086]
[0.0, 323.31510799932084]
[0.0, 258.5257404052588]
[441.1914424271425, 0.0]
[0.0, 591.1590421044542]
[0.0, 491.77913884154697]
[0.0, 265.5838212467536]
[0.0, 310.129984100422]
[353.0005664704071, 0.0]
[0.0, 595.3729635300479]
[605.37501171001, 0.0]
[0.0, 346.9463259738634]
[266.3995359605872, 0.0]
[368.23030701575834, 0.0]
[361.81307838253946, 0.0]
[344.46774797528116, 0.0]
[333.5281491997253, 0.0]
[0.0, 332.25763797276727]
[377.7835943811225, 0.0]
[430.07919455931255, 0.0]
[0.0, 423.6928790966845]
[0.0, 388.5519547443462]
[438.61118756431296, 0.0]
[0.0, 396.5293804162627]
[497.3705707623413, 0.0]
[0.0, 333.26022574738585]
[0.0, 397.66641790016075]
[0.0, 549.7914943767644]
[0.0, 279.78301557995286]
[365.43084394660656, 0.0]
[0.0, 380.14455582963257]
[429.67134996633735, 0.0]
[0.0, 353.1711915976478]
[426.512961833914, 0.0]
[275.9344252153221, 0.0]
[0.0, 620.2503261088852]
[0.0, 506.18880797551935]
[476.0817119614566, 0.0]
[0.0, 439.8089252007177]
[322.21081592932245, 0.0]
[438.83446668677084, 0.0]
[0.0, 356.5504920512332]
[450.5282892067553, 0.0]
[0.0, 459.9271954402094]
[0.0, 304.99445131006286]
[0.0, 358.9030667125733]
[368.8838074784587, 0.0]
[0.0, 474.9729769452832]
[459.45162333858326, 0.0]
[0.0, 364.5164792705492]
[573.7353715228787, 0.0]
[649.6001532001633, 0.0]
[459.5722732046596, 0.0]
[591.7660106006575, 0.0]
[0.0, 533.4054675977486]
[0.0, 440.0760683645286]
[485.2883163368083, 0.0]
[554.829241409324, 0.0]
[0.0, 441.1326453726103]
[0.0, 661.8004305771548]
[0.0, 533.4369803328705]
[693.281023740939, 0.0]
[0.0, 302.2890630814739]
[759.7110177951705, 0.0]
[0.0, 665.8931926732729]
[448.7617404029845, 0.0]
[0.0, 631.2391936312193]
[623.8987465236555, 0.0]
[0.0, 632.3001786596319]
[0.0, 618.596766999707]
[0.0, 497.90994958808665]
[0.0, 771.954119236493]
[0.0, 704.7828433665867]
[744.6037168586887, 0.0]
[0.0, 764.1939773987725]
[533.5454971331309, 0.0]
[578.6422830166416, 0.0]
[889.3787079783017, 0.0]
[905.1938726023503, 0.0]
[775.7497883102416, 0.0]
[709.9617142082727, 0.0]
[632.4860311677254, 1215.6437645678695]
[0.0, 862.677150646494]
[0.0, 1027.7726369444956]
[0.0, 943.6914323939611]
[968.0865175613574, 0.0]
[1203.589617713255, 0.0]
[658.9118699388313, 0.0]
[0.0, 907.1960785708579]
[595.6597533962266, 1165.858604803304]
[1057.6022672352694, 0.0]
[0.0, 734.3596479785588]
[0.0, 1203.1449089210428]
[900.3138762322765, 0.0]
[1150.4589619567585, 0.0]
[0.0, 1036.2971995846767]
[0.0, 907.3823875690236]
[871.6712601141293, 0.0]
[0.0, 1134.242479053812]
[1101.2532498844112, 0.0]
[919.7845276456599, 0.0]
[1313.1942292901103, 389.5599900729048]
[928.1220923765288, 0.0]
[1057.5397498010511, 0.0]
[0.0, 1067.3370753113875]
[0.0, 1189.6701002433622]
[1023.5937645541817, 0.0]
[1156.3112113005739, 633.9739462735118]
[0.0, 1080.7545075183104]
[1041.1100391003824, 0.0]
[0.0, 1146.7005461205165]
[894.2260283540987, 0.0]
[940.230681545379, 0.0]
[0.0, 896.8750822189493]
[0.0, 665.3305992041983]
[0.0, 608.5993920531365]
[0.0, 983.4756616574094]
[0.0, 740.6177131150164]
[0.0, 599.4347009350042]
[734.8447330253686, 0.0]
[0.0, 686.0349413468948]
[948.4394214358207, 0.0]
[0.0, 783.9764095661599]
[0.0, 725.8727613973889]
[0.0, 593.2572566346361]
[507.4503096339197, 0.0]
[0.0, 734.456294125441]
[445.3307812225765, 0.0]
[583.7501537269726, 0.0]
[0.0, 479.74413103737754]
[0.0, 612.3819065890651]
[0.0, 648.3983867723118]
[812.4060294442158, 0.0]
[0.0, 755.5463523713214]
[513.9267573391407, 0.0]
[362.62735483023397, 0.0]
[463.3588076377795, 0.0]
[549.9832048539282, 0.0]
[573.7429610830893, 0.0]
[0.0, 555.4674182444081]
[410.0154582298071, 0.0]
[452.60900490491537, 0.0]
[665.6994940183096, 0.0]
[0.0, 464.2550994982545]
[365.0774914954632, 0.0]
[286.1795897076121, 0.0]
[0.0, 350.0115971403371]
[0.0, 352.0194916741525]
[583.2325106279071, 0.0]
[672.2722839362814, 0.0]
[0.0, 532.0923221235552]
[499.99316784121294, 0.0]
[0.0, 366.82179540826337]
[0.0, 561.7003977676613]
[0.0, 398.16402697848474]
[0.0, 270.738760225732]
[0.0, 460.85788593671305]
[451.2348329040239, 0.0]
[0.0, 326.7372191113983]
[0.0, 403.6903241977377]
[281.83484231528246, 0.0]
[339.5049332791816, 0.0]
[443.20631966987906, 0.0]
[0.0, 475.80862968578555]
[0.0, 413.3896250453605]
[509.71175264000095, 0.0]
[0.0, 482.9802014989972]
[420.0870539047577, 0.0]
[521.723671460541, 0.0]
[0.0, 403.9972163199447]
[514.8227414164279, 0.0]
[0.0, 512.6538383785052]
[0.0, 407.4098456666253]
[0.0, 360.9827749772684]
[0.0, 507.97826927248354]
[453.59807644387377, 0.0]
[0.0, 311.16885924485916]
[0.0, 269.7803971470667]
[543.2365653908308, 0.0]
[477.7899105002597, 0.0]
[396.7792045835161, 0.0]
[0.0, 367.91261014123245]
[0.0, 484.3873604048241]
[0.0, 441.6177847018309]
[348.0122791033641, 0.0]
[501.5217906641995, 0.0]
[0.0, 534.3561463718958]
[0.0, 389.39451073043665]
[619.4792724892883, 0.0]
[438.8488793602787, 0.0]
[0.0, 269.16408302484626]
[0.0, 360.4781268274504]
[472.3238623991723, 0.0]
[0.0, 383.00920544859395]
[0.0, 385.93023179208967]
[325.18976322193066, 0.0]
[0.0, 356.2097818244123]
[385.2249947762503, 0.0]
[0.0, 277.35919091913684]
[245.24464031621127, 0.0]
[0.0, 332.62573204674754]
[440.30019961651266, 0.0]
[282.3488873816831, 0.0]
[457.5404554385382, 0.0]
[354.1813245133082, 0.0]
[434.22756917571047, 0.0]
[304.491168474749, 0.0]
[0.0, 376.5001798573056]
[438.97102631104434, 0.0]
[472.19211555575566, 0.0]
[441.4221141749479, 0.0]
[0.0, 309.0113852747216]
[0.0, 453.9881767718035]
[0.0, 522.8957298374861]
[0.0, 274.5583295107221]
[511.0546315066242, 0.0]
[0.0, 422.76913269880737]
[0.0, 485.8067786577751]
[0.0, 369.1223123127319]
[264.7542528339813, 0.0]
[0.0, 338.7649705761226]
[0.0, 308.1859478061707]
[0.0, 491.3470280953558]
[443.61334824239015, 0.0]
[556.4385158810485, 0.0]
[0.0, 518.400648003641]
[0.0, 324.8448887344449]
[525.9924275126133, 0.0]
[0.0, 364.4556750218352]
[473.43058736001245, 0.0]
[441.74724504501773, 0.0]
[0.0, 345.9978270331942]
[386.3094830115207, 0.0]
[375.38865883444714, 0.0]
[0.0, 336.2325818822584]
[0.0, 458.57531838808285]
[318.79861977188074, 0.0]
[0.0, 274.5002815903863]
[363.25319768479955, 0.0]
[0.0, 395.13267079971394]
[501.51487547760553, 0.0]
[0.0, 344.53505017795334]
[383.0280468806443, 0.0]
[281.5920173114867, 0.0]
[356.2833602983795, 0.0]
[328.2691929127659, 0.0]
[338.2319801020926, 0.0]
[0.0, 285.6052360483672]
[0.0, 324.95284175040825]
[306.17509277759035, 0.0]
[0.0, 379.1315208730339]
[434.26160512447734, 0.0]
[0.0, 437.89824830954564]
[499.5270037467643, 0.0]
[454.9645022907002, 0.0]
[281.4711524243253, 0.0]
[0.0, 472.5893328536592]
[0.0, 536.6480531528498]
[0.0, 410.13012387108836]
[318.17694150463205, 0.0]
[490.2338223393967, 0.0]
[0.0, 341.10466278911923]
[0.0, 467.75313246827403]
[287.4831457353125, 0.0]
[375.8368924648533, 0.0]
[0.0, 334.7411526655533]
[463.9387134575078, 0.0]
[0.0, 288.982592542184]
[0.0, 292.23941113920546]
[0.0, 565.7559741154828]
[0.0, 453.6820408321887]
[439.5538502682914, 0.0]
[499.20118437999236, 0.0]
[0.0, 590.5947800911415]
[0.0, 251.17425022529068]
[311.072036930242, 0.0]
[0.0, 470.7189331764749]
[459.96468250587196, 0.0]
[278.00721392638457, 0.0]
[0.0, 261.49940750843797]
[0.0, 448.17212052453374]
[391.96344947152704, 0.0]
[416.62470664809524, 0.0]
[528.7091277048423, 0.0]
[0.0, 301.16006391599564]
[407.7855038240668, 0.0]
[332.43583138851875, 0.0]
[543.5542525749163, 0.0]
[319.60403844122334, 0.0]
[297.1679200671994, 0.0]
[339.94456723482176, 0.0]
[0.0, 331.50153832301464]
[0.0, 414.5799806512537]
[0.0, 376.75134559733505]
[480.7112176193075, 0.0]
[477.5066346033822, 0.0]
[0.0, 548.2663826261733]
[0.0, 249.4378453094211]
[410.29801721371837, 0.0]
[0.0, 477.78396723768356]
[0.0, 286.6584896846723]
[512.8641456098923, 0.0]
[234.9132773109299, 0.0]
[330.59672733209993, 0.0]
[0.0, 336.87002818324237]
[0.0, 430.9533911843893]
[0.0, 475.7612599353425]
[309.2959723079985, 0.0]
[384.46556907185754, 0.0]
[462.7665603738673, 0.0]
[259.8523443534214, 0.0]
[497.50018221813366, 0.0]
[0.0, 487.5729808169506]
[430.3657943806168, 0.0]
[0.0, 269.31352443890484]
[0.0, 336.7277005584482]
[0.0, 397.53902885635307]
[0.0, 547.8105832316592]
[413.8934116292534, 0.0]
[416.49950408823895, 0.0]
[598.8273000747001, 0.0]
[0.0, 558.0023705135279]
[0.0, 280.5643243592589]
[0.0, 354.3356635858285]
[248.95966478245938, 0.0]
[259.15263680798387, 0.0]
[249.5384794818166, 0.0]
[0.0, 509.84746961700546]
[0.0, 286.1127007531619]
[0.0, 435.4001463724877]
[309.6376347640439, 0.0]
[0.0, 322.18677025312195]
[0.0, 270.92779846372434]
[0.0, 304.50253342566094]
[400.85461935413883, 0.0]
[0.0, 285.0415496360086]
[0.0, 246.6488829656706]
[0.0, 547.5629494005533]
[0.0, 348.4258340161436]
[0.0, 551.4626305987484]
[526.1453336927947, 0.0]
[504.9708194558441, 0.0]
[0.0, 307.1574223998299]
[0.0, 278.4538570170738]
[0.0, 359.17418309154766]
[0.0, 483.16426393847456]
[313.9338861314261, 0.0]
[0.0, 347.1381839989848]
[0.0, 424.3410328782193]
[0.0, 291.712753822587]
[397.6775246766643, 0.0]
[535.9707323287194, 0.0]
[527.8929893271013, 0.0]
[501.57604081439854, 0.0]
[357.9077464251501, 0.0]
[241.57345751120516, 0.0]
[241.15627188150307, 0.0]
[0.0, 345.423207554298]
[0.0, 308.3046028877018]
[0.0, 272.1271239900287]
[357.3682478934844, 0.0]
[253.49874887260117, 0.0]
[336.9102874551003, 0.0]
[0.0, 419.2851913326308]
[0.0, 419.4378236925364]
[0.0, 272.029982172693]
[313.89801109722765, 0.0]
[298.0620560295085, 0.0]
[0.0, 580.5215553552814]
[0.0, 482.5376554219889]
[283.520000457582, 0.0]
[406.7732239436805, 0.0]
[269.0439313964535, 0.0]
[0.0, 360.32126512580203]
[371.41240089857894, 0.0]
[412.823689023224, 0.0]
[0.0, 523.901163024268]
[458.2409895889169, 0.0]
[0.0, 473.7311429162022]
[0.0, 366.9483067511929]
[527.7833344503636, 0.0]
[0.0, 397.3024509751485]
[415.6279596114764, 0.0]
[0.0, 301.1776443333191]
[249.19739542627602, 0.0]
[0.0, 437.3550894113427]
[0.0, 431.9363011764845]
[468.80460906420916, 0.0]
[382.2790185549097, 0.0]
[0.0, 411.6863806115432]
[294.83231899909237, 0.0]
[305.6254626410634, 0.0]
[403.5346452666224, 0.0]
[411.74914073192906, 0.0]
[0.0, 282.9533644027334]
[244.69415486811005, 0.0]
[566.9145106843347, 0.0]
[390.05034180184236, 0.0]
[0.0, 368.3239566103043]
[0.0, 509.7036228358931]
[262.5149943521723, 0.0]
[570.2474724573194, 0.0]
[0.0, 532.443420784777]
[392.94366645545125, 0.0]
[295.0847009352346, 0.0]
[0.0, 256.81324932169497]
[433.00375447652254, 0.0]
[328.47810118542503, 0.0]
[0.0, 446.3637700624904]
[0.0, 398.14375082879815]
[0.0, 458.39897957134303]
[565.1067323782331, 0.0]
[244.737684381378, 0.0]
[0.0, 276.93036895786867]
[347.1417863838183, 0.0]
[0.0, 436.7873099440585]
[0.0, 416.5154991905759]
[330.4521331440706, 0.0]
[0.0, 419.30263830455345]
[0.0, 393.71460841810415]
[255.46617093642226, 0.0]
[275.2437653344091, 0.0]
[381.8348740756746, 0.0]
[0.0, 451.3427913335656]
[0.0, 255.9824957997354]
[0.0, 269.0110769304227]
[0.0, 239.78702033040665]
[552.4621616142304, 0.0]
[0.0, 588.9830752034453]
[543.1337534759087, 0.0]
[270.6160398366133, 0.0]
[0.0, 406.0100968610933]
[0.0, 597.8482967549717]
[598.8055544833214, 0.0]
[0.0, 271.2375577641618]
[472.86971637161287, 0.0]
[0.0, 292.49455923453945]
[0.0, 425.1061588982516]
[0.0, 540.9756326661405]
[0.0, 426.28589881304185]
[466.13664840304193, 0.0]
[0.0, 253.77233055609366]
[0.0, 297.82725905930783]
[0.0, 415.6067391494043]
[360.59353320134005, 0.0]
[0.0, 312.53096576544993]
[496.2347762774915, 0.0]
[419.2910635473248, 0.0]
[251.74723264440553, 0.0]
[0.0, 277.6689027150784]
[603.7511428669784, 0.0]
[297.2060511431434, 0.0]
[0.0, 556.7831070850792]
[0.0, 349.45827563804113]
[715.9420071495507, 0.0]
[0.0, 476.6133308816276]
[0.0, 268.3107026229311]
[0.0, 396.7592987639672]
[272.18819635036397, 0.0]
[0.0, 460.14146721116816]
[361.0266267247132, 0.0]
[0.0, 553.0022675699662]
[0.0, 326.0298001308498]
[540.6298825832498, 0.0]
[340.5727366354991, 0.0]
[424.32535221751374, 0.0]
[0.0, 428.4137427406659]
[497.84148073960876, 0.0]
[0.0, 432.59225594161575]
[519.8008472479316, 0.0]
[438.076926371723, 0.0]
[0.0, 401.0702237033727]
[0.0, 296.8973930765815]
[476.39541598774304, 0.0]
[385.68805266763906, 0.0]
[0.0, 394.1450498307691]
[282.9675953237813, 0.0]
[0.0, 534.2699936638788]
[0.0, 441.698839331314]
[0.0, 323.8053736273682]
[0.0, 554.2935396067282]
[0.0, 404.18053386278496]
[474.0278299333285, 0.0]
[546.1815218516274, 0.0]
[0.0, 252.7061093217307]
[0.0, 316.1829206362806]
[0.0, 291.56970604979364]
[302.32129703003045, 0.0]
[351.6509953996634, 0.0]
[275.00089647826076, 0.0]
[0.0, 594.7578032473976]
[262.8110824055229, 0.0]
[0.0, 436.4611748474625]
[610.9497616097148, 0.0]
[316.1413204752278, 0.0]
[0.0, 313.4958081475274]
[0.0, 338.89447335475364]
[0.0, 322.9868061957304]
[352.8773840993613, 0.0]
[274.82599212928983, 0.0]
[0.0, 275.46390474837784]
[0.0, 223.85601616463035]
[515.9178407755859, 0.0]
[0.0, 433.6832637365899]
[0.0, 515.440714245095]
[0.0, 501.7368636360962]
[379.5265638334587, 0.0]
[383.13021601581084, 0.0]
[0.0, 357.4257779581156]
[0.0, 346.95748128917825]
[0.0, 380.73633708447665]
[367.5665117949366, 0.0]
[0.0, 422.2992215196415]
[542.2074907877432, 0.0]
[483.85745002906873, 0.0]
[0.0, 530.4721023847244]
[359.7289628642698, 0.0]
[426.46807729830937, 0.0]
[0.0, 599.7766034921974]
[0.0, 478.7287908999032]
[0.0, 549.7411445851637]
[367.25142214982736, 0.0]
[408.0553275922819, 0.0]
[257.585082012736, 0.0]
[0.0, 305.843922647322]
[365.9038535026899, 0.0]
[0.0, 449.8575430712427]
[0.0, 305.7374705831204]
[0.0, 416.8756663737152]
[394.2246337438305, 0.0]
[0.0, 698.3138548336063]
[0.0, 535.8549740907217]
[265.01827341757723, 0.0]
[0.0, 240.61212379481438]
[0.0, 338.4569375132128]
[0.0, 478.5774485322557]
[0.0, 409.44922726885727]
[0.0, 593.3291070904852]
[0.0, 405.25396583154486]
[0.0, 281.16256303845046]
[0.0, 242.4651219274461]
[248.3615791769957, 0.0]
[296.4094437653326, 0.0]
[0.0, 378.90261106730355]
[534.4825225669229, 0.0]
[479.62666417011303, 0.0]
[0.0, 666.3595996642664]
[442.7069193207773, 0.0]
[0.0, 396.98137945478834]
[0.0, 530.2836032779877]
[0.0, 411.9546128311141]
[462.55755467517054, 0.0]
[392.45143107173374, 0.0]
[285.85276542572774, 0.0]
[0.0, 670.322961422526]
[0.0, 397.268944585291]
[312.3799816170506, 0.0]
[0.0, 440.7757382681315]
[392.5436031810069, 0.0]
[504.01184079734963, 0.0]
[494.9313519439811, 0.0]
[349.67547276241226, 0.0]
[388.8661005256149, 0.0]
[399.79980395273225, 0.0]
[516.382281573681, 0.0]
[385.95944386958996, 0.0]
[406.1438647627079, 0.0]
[0.0, 458.86465112441766]
[0.0, 495.3097424740764]
[576.025202939308, 0.0]
[0.0, 398.11040242857774]
[421.20447285097845, 0.0]
[0.0, 234.83325145030554]
[0.0, 326.7458779375493]
[367.15079600623324, 0.0]
[0.0, 566.2292447153168]
[215.67226202526842, 0.0]
[0.0, 223.56176926721423]
[502.462417504325, 0.0]
[338.26232875445083, 0.0]
[586.8319387899529, 0.0]
[0.0, 524.8028300366282]
[433.9076678765092, 0.0]
[321.9638053120354, 0.0]
[409.91180296322426, 0.0]
[0.0, 359.6059465145208]
[0.0, 322.5692111415709]
[414.6820643835737, 0.0]
[344.9690868962029, 0.0]
[0.0, 288.1632188546567]
[0.0, 376.9109590873699]
[0.0, 276.44026740392616]
[326.8844989368698, 0.0]
[0.0, 273.0886813581947]
[357.7961823957344, 0.0]
[0.0, 236.68389038027559]
[517.8085680435487, 0.0]
[388.2467949435869, 0.0]
[0.0, 408.8669205258541]
[0.0, 535.4993097130498]
[257.7568615605244, 0.0]
[405.03630266959027, 0.0]
[0.0, 431.5806562801761]
[368.1909546681989, 0.0]
[0.0, 357.21642830957677]
[0.0, 256.24639806321005]
[0.0, 208.6598463555701]
[0.0, 540.6652056773945]
[374.44189732557425, 0.0]
[0.0, 241.04115382198353]
[456.3990081463595, 0.0]
[314.9451825500311, 0.0]
[396.56073034913527, 0.0]
[381.70607411532404, 0.0]
[0.0, 373.05181988732]
[321.3339925553442, 0.0]
[0.0, 295.2358148047928]
[0.0, 361.18885688376133]
[0.0, 250.6680222877287]
[0.0, 295.3169260997057]
[243.5167812280251, 0.0]
[0.0, 559.9702073253347]
[0.0, 535.5127510813372]
[0.0, 405.9234090713751]
[0.0, 362.82644633719656]
[0.0, 215.75636971661893]
[547.3714348443191, 0.0]
[0.0, 567.74724434172]
[0.0, 401.04241543453134]
[275.2663627577201, 0.0]
[250.6013658531352, 0.0]
[559.1392636564592, 0.0]
[448.05060916192963, 0.0]
[0.0, 353.14166158036454]
[479.84935493081883, 0.0]
[0.0, 345.67080929122096]
[228.99843734441222, 0.0]
[0.0, 245.18687033654928]
[0.0, 395.1700415385966]
[275.99666026340253, 0.0]
[572.7949777351813, 0.0]
[0.0, 709.9290919428207]
[0.0, 503.4005477656405]
[0.0, 297.5930422075136]
[277.1175211883323, 0.0]
[0.0, 466.2500975259076]
[0.0, 442.6488893054022]
[245.2435778754324, 0.0]
[301.61339467840924, 0.0]
[552.0488086428961, 0.0]
[0.0, 422.4037511754643]
[321.6624015737034, 0.0]
[0.0, 445.84801878200926]
[260.84325434782255, 0.0]
[0.0, 478.62571070422604]
[248.43254243524157, 0.0]
[718.9146942945072, 0.0]
[0.0, 344.6518557577695]
[304.62696446293336, 0.0]
[0.0, 507.8708613634965]
[455.3950490766479, 0.0]
[0.0, 431.4739790568635]
[549.2812779208958, 0.0]
[0.0, 351.35271016506437]
[186.4326917162738, 0.0]
[258.6348143470602, 0.0]
[0.0, 645.7278680210608]
[392.40087630344436, 0.0]
[570.0279862165681, 0.0]
[579.8241876378472, 0.0]
[587.5601585886417, 0.0]
[0.0, 667.0283218469399]
[0.0, 529.5785522497625]
[379.7900474631057, 0.0]
[0.0, 535.4354814619071]
[0.0, 589.7579295199986]
[570.569566623423, 0.0]
[0.0, 548.4395068987933]
[0.0, 510.99146929316856]
[363.65632156119193, 0.0]
[502.5145889102447, 0.0]
[396.1221445507695, 0.0]
[423.21120639110313, 0.0]
[919.8106063230284, 0.0]
[597.9006024042769, 0.0]
[449.87496013676224, 0.0]
[670.6244490534689, 0.0]
[1259.6276999099027, 0.0]
[0.0, 262.30816484080685]
[425.7749509373536, 0.0]
[0.0, 1009.58731421119]
[598.4253541141317, 0.0]
[0.0, 648.203878035563]
[0.0, 905.9325814164625]
[0.0, 508.1653526354709]
[0.0, 635.9106313506128]
[876.407689786976, 0.0]
[0.0, 1164.1875208745485]
[888.7003376733174, 0.0]
[0.0, 517.5896755838112]
[1443.2704340123298, 0.0]
[1205.813480614039, 0.0]
[0.0, 536.8755019890197]
[439.4332190955873, 0.0]
[0.0, 1235.8093057495098]
[0.0, 284.00651617366464]
[720.7911013362021, 0.0]
[0.0, 444.4359123532821]
[0.0, 776.1171395723028]
[968.067630992797, 0.0]
[1319.4565381068949, 0.0]
[350.49582826276156, 0.0]
[400.5697931435254, 0.0]
[658.4928480961748, 0.0]
[0.0, 510.08106089251106]
[403.239923762709, 0.0]
[464.7023335763616, 0.0]
[0.0, 588.9864013771676]
[0.0, 1360.529092601332]
[0.0, 949.2373518231527]
[388.7618398010151, 0.0]
[416.09126585229615, 0.0]
[0.0, 512.1210047922281]
[460.503763141873, 0.0]
[0.0, 474.0462892193366]
[0.0, 499.6236025071745]
[0.0, 970.706208867178]
[612.8210102496073, 0.0]
[0.0, 461.397941849353]
[585.7388355814034, 0.0]
[0.0, 350.7784215595118]
[0.0, 1313.4183075211504]
[0.0, 485.02694764757103]
[0.0, 357.16695212577906]
[0.0, 349.19662205593806]
[0.0, 364.4231504368464]
[0.0, 1306.179355646652]
[0.0, 448.940621700366]
[425.14893521368765, 0.0]
[0.0, 585.2772820327289]
[0.0, 1101.4698698365376]
[0.0, 746.9087745996185]
[0.0, 1033.0393223627455]
[0.0, 1217.203659197276]
[0.0, 333.5881515995477]
[0.0, 330.0837075435621]
[474.5643144929838, 0.0]
[0.0, 1296.9066548770732]
[905.8982629372135, 0.0]
[507.94163130234045, 0.0]
[0.0, 1224.7350785555366]
[0.0, 1218.5488314731597]
[1340.049512073829, 0.0]
[436.9168181792694, 0.0]
[1433.2720155518882, 0.0]
[1286.4937096769695, 0.0]
[959.1766742874366, 0.0]
[0.0, 371.1808093305605]
[770.887521063837, 0.0]
[0.0, 996.8127243546099]
[0.0, 1197.342716616042]
[1496.3147223542558, 0.0]
[0.0, 584.7980652011013]
[0.0, 1332.4971303355355]
[1479.1023461963289, 0.0]
[0.0, 1525.7147177413385]
[0.0, 1642.2649567503656]
[1242.8018797911088, 0.0]
[0.0, 1458.9644851798457]
[1359.704736992407, 0.0]
[1506.8801318666247, 0.0]
[1716.1247293699807, 0.0]
[981.3910838745089, 0.0]
[1608.0984628206577, 0.0]
[0.0, 1476.5463400767087]
[1690.5739851674043, 0.0]
[1053.9923973756486, 0.0]
[1544.8439393737654, 0.0]
[0.0, 1557.994115078151]
[1430.5534974270388, 0.0]
[1685.331732042258, 0.0]
[1770.5652150108933, 0.0]
[1481.989424477744, 0.0]
[0.0, 1543.4084082458137]
[1771.5246652435617, 0.0]
[0.0, 1684.5516000557484]
[1775.5781959645915, 0.0]
[1621.6231406819395, 0.0]
[0.0, 1619.2476097493434]
[1581.8809577257146, 0.0]
[0.0, 1694.155708796416]
[1699.8122059027232, 0.0]
[0.0, 1788.136535312988]
[0.0, 1637.0362054216707]
[0.0, 1647.7596425297813]
[0.0, 1808.5831202023683]
[1659.8737343004077, 0.0]
[1791.4352664827418, 0.0]
[0.0, 1745.7536954356744]
[0.0, 1709.0117388535314]
[0.0, 1682.3352834139998]
[1669.3815090882024, 0.0]
[0.0, 1742.9842938563877]
[1675.5674623887296, 0.0]
[1789.9929168840608, 0.0]
[0.0, 1736.4110897563814]
[0.0, 1798.3995228359777]
[0.0, 1763.1940231632893]
[1744.2521357226587, 0.0]
[1804.6468686914056, 0.0]
[1739.0504255355797, 0.0]
[1780.8334701677206, 0.0]
[1734.7387955579504, 0.0]
[0.0, 1780.531020527835]
[0.0, 1740.17217204095]
[0.0, 1781.276249894522]
[0.0, 1791.9550652553892]
[0.0, 1747.1690339876018]
[0.0, 1721.078657485941]
[0.0, 1629.630647706667]
[1703.7867491058992, 0.0]
[0.0, 1792.5597039819572]
[1667.2409105231764, 0.0]
[0.0, 1705.2717516446899]
[0.0, 1592.3214687423165]
[0.0, 1647.288458119983]
[0.0, 1661.2806148421184]
[0.0, 1720.6629488070005]
[0.0, 1671.2920871540123]
[1763.3151941761746, 0.0]
[0.0, 1769.9478376187865]
[1648.4980154810523, 0.0]
[0.0, 1701.802912577024]
[0.0, 1775.2507739981556]
[0.0, 1694.711518616467]
[0.0, 1736.489563672381]
[1756.3413602134021, 0.0]
[1644.2546291024078, 0.0]
[0.0, 1590.7366391110006]
[1715.7796056430307, 0.0]
[1746.6918447603025, 0.0]
[0.0, 1706.4586518859244]
[1668.6661880562292, 0.0]
[1696.3771660670627, 0.0]
[0.0, 1696.752862095444]
[1709.3622497527, 0.0]
[0.0, 1714.5376021355391]
[1730.6580270553868, 0.0]
[0.0, 1739.6303177709344]
[1702.8037386693218, 0.0]
[0.0, 1656.3497757556106]
[0.0, 1781.50312237877]
[0.0, 1719.183104489939]
[0.0, 1711.3196667369216]
[0.0, 1639.4205852207288]
[0.0, 1706.6307381089114]
[1785.4118160985618, 0.0]
[1742.6908207809904, 0.0]
[1753.1665637188771, 0.0]
[1735.6451265038434, 0.0]
[0.0, 1702.1097719919749]
[1694.8876563680747, 0.0]
[1817.2776692888585, 0.0]
[0.0, 1739.0366822957835]
[0.0, 1729.1102922083874]
[1639.9327547445798, 0.0]
[0.0, 1827.2103855309276]
[1693.0427289837596, 0.0]
[1717.6221013936874, 0.0]
[0.0, 1766.509316929871]
[0.0, 1734.0307777006299]
[1749.7681318470597, 0.0]
[1673.8813996216106, 0.0]
[0.0, 1762.3155627242081]
[0.0, 1665.2123822475899]
[1782.0807745247614, 0.0]
[0.0, 1730.0455012586212]
[1723.2162948068783, 0.0]
[1816.0754704451613, 0.0]
[1716.4178913846513, 0.0]
[1753.3435173567138, 0.0]
[0.0, 1681.2257299923672]
[0.0, 1693.8631627532714]
[0.0, 1704.8638181836404]
[0.0, 1681.0068269500398]
[1696.0203571733177, 0.0]
[0.0, 1708.100423297709]
[0.0, 1691.6037776301837]
[0.0, 1724.7836454105047]
[1735.9209500557815, 0.0]
[1771.9305640833675, 0.0]
[1659.345819476968, 0.0]
[0.0, 1688.2240074823098]
[1718.4606927308087, 0.0]
[0.0, 1693.728233843686]
[1724.628146264789, 0.0]
[1681.2722120598492, 0.0]
[0.0, 1648.702159496556]
[0.0, 1704.9270283952224]
[1623.0742052836354, 0.0]
[1702.8060100537714, 0.0]
[1495.8577999680817, 0.0]
[1669.9253645177441, 0.0]
[0.0, 1538.041865292424]
[0.0, 1439.583763170628]
[1636.281129899765, 0.0]
[0.0, 1610.8020131955634]
[1659.754056342965, 0.0]
[0.0, 1692.0623977672358]
[1734.350231318978, 0.0]
[1669.5693340985324, 0.0]
[0.0, 1620.2576007909242]
[1754.179099291932, 0.0]
[1697.9220407481002, 0.0]
[1618.6066541332775, 0.0]
[1514.7406636791138, 0.0]
[0.0, 1579.200709188988]
[1601.220718990154, 0.0]
[0.0, 1598.4482039276252]
[1569.6974485866238, 0.0]
[1427.709154731125, 0.0]
[0.0, 1614.9166467330904]
[1532.2097721152659, 0.0]
[1418.8248375318285, 0.0]
[0.0, 1479.623909688192]
[0.0, 1598.7989574678493]
[0.0, 1564.1173821812579]
[1609.7333336783304, 0.0]
[1575.5104616194405, 0.0]
[0.0, 1614.7220974474399]
[0.0, 1503.559359537152]
[0.0, 1623.9547722085456]
[0.0, 1705.8649844697]
[0.0, 1724.8924220593292]
[1568.275749148064, 0.0]
[1488.1142944840853, 0.0]
[1685.000722901859, 0.0]
[0.0, 1657.2753293090984]
[1649.1493171676968, 0.0]
[1669.6139531344904, 0.0]
[1651.1039810433188, 0.0]
[0.0, 1687.3491869279658]
[1721.035451646884, 0.0]
[1657.9439722753282, 0.0]
[1668.9655600710114, 0.0]
[1603.2015459287334, 0.0]
[1628.8285187165143, 0.0]
[0.0, 1628.5429101735183]
[1573.2007360012424, 0.0]
[1590.9260677972438, 0.0]
[0.0, 1636.093881100242]
[1629.4606841161715, 0.0]
[1556.0232112538743, 0.0]
[0.0, 1641.267467687423]
[0.0, 1645.9061365541445]
[0.0, 1701.1791454912668]
[1621.8676580622841, 0.0]
[1577.0354711145615, 0.0]
[1638.623852772882, 0.0]
[1551.044490381299, 0.0]
[0.0, 1723.583592825085]
[0.0, 1574.387257964995]
[1691.2328499447387, 0.0]
[0.0, 1628.459254610955]
[0.0, 1679.0908061335215]
[0.0, 1624.295906065827]
[0.0, 1587.9798629277423]
[0.0, 1604.4321241718958]
[1578.2862496528403, 0.0]
[0.0, 1614.0989646659552]
[1634.5082456931023, 0.0]
[1687.385766729229, 0.0]
[1669.252165748572, 0.0]
[1709.5847787068972, 0.0]
[0.0, 1646.6499358855774]
[1628.5234372470218, 0.0]
[0.0, 1650.6975311631197]
[0.0, 1670.528655835807]
[1621.2630027022697, 0.0]
[1658.544422658021, 0.0]
[1673.480807118601, 0.0]
[1646.4265766183623, 0.0]
[1626.1500181363278, 0.0]
[0.0, 1681.3679671771472]
[1679.5465740911307, 0.0]
[1677.6698179735906, 0.0]
[0.0, 1642.1307509086319]
[0.0, 1642.0516298539924]
[0.0, 1693.8447111838495]
[0.0, 1692.8950903295738]
[1631.3571860289844, 0.0]
[0.0, 1666.3118747218457]
[0.0, 1683.124032314893]
[0.0, 1734.3248800219133]
[1690.6524983503123, 0.0]
[1677.5241666403156, 0.0]
[1661.7635057753619, 0.0]
[1667.820284334772, 0.0]
[1613.7082953056656, 0.0]
[0.0, 1689.4831724226942]
[1666.4061571455607, 0.0]
[1689.6166858128483, 0.0]
[0.0, 1671.14126938938]
[1641.2392176664316, 0.0]
[0.0, 1640.4536944432004]
[1643.7986942849566, 0.0]
[0.0, 1681.7839592883079]
[0.0, 1751.4695551496677]
[0.0, 1589.0168102955963]
[0.0, 1622.810032180747]
[1685.4418671194958, 0.0]
[0.0, 1669.2545791847697]
[1625.7336116123058, 0.0]
[1652.746552390898, 0.0]
[1567.3710493158346, 0.0]
[0.0, 1677.558225878502]
[1651.7348062623464, 0.0]
[1670.14902027186, 0.0]
[0.0, 1619.5654320103206]
[0.0, 1618.9082035018666]
[0.0, 1666.401092253824]
[0.0, 1583.3911483973557]
[0.0, 1608.1112603330516]
[0.0, 1574.0287859658724]
[0.0, 1636.7570158169592]
[1573.2238036386245, 0.0]
[1379.1249105577112, 0.0]
[1539.0775062596756, 0.0]
[1579.5573134074243, 0.0]
[1508.2753124443516, 0.0]
[1556.5144442876485, 0.0]
[1576.2443848765338, 0.0]
[1538.6604569925498, 0.0]
[0.0, 1561.3241811798619]
[1516.5513531196111, 0.0]
[0.0, 1541.8933030057165]
[1532.9621893461326, 0.0]
[0.0, 1527.5590985467838]
[1533.714866789507, 0.0]
[0.0, 1604.7034955979868]
[0.0, 1581.819245778816]
[0.0, 1590.1906484717756]
[1585.0752872516214, 0.0]
[1550.7032821108835, 0.0]
[0.0, 1558.42889435381]
[1596.8855851415162, 0.0]
[0.0, 1561.0633718097208]
[0.0, 1528.6134236303708]
[1578.0022167639158, 0.0]
[1573.263983956713, 0.0]
[1564.8659567702223, 0.0]
[1638.919042142749, 0.0]
[1571.8154527080976, 0.0]
[1375.028184144227, 0.0]
[0.0, 1610.0182604801025]
[1556.854969064865, 0.0]
[1590.7954065470055, 0.0]
[1562.349968898124, 0.0]
[1548.2675672640464, 0.0]
[1530.2970661199358, 0.0]
[1623.804473059613, 0.0]
[1541.165557489172, 0.0]
[1408.9373160686016, 0.0]
[0.0, 1578.8534555087192]
[1228.3277215974801, 0.0]
[0.0, 1545.4128632743768]
[1596.7677251513473, 0.0]
[1575.5931995139692, 0.0]
[1385.3573365098607, 0.0]
[1510.575265577246, 0.0]
[1323.8434156797389, 0.0]
[1356.6842881548148, 0.0]
[1476.5554899418746, 0.0]
[1446.2153124426031, 0.0]
[0.0, 1455.6348117478844]
[1368.5876685048183, 0.0]
[0.0, 1289.1922542763616]
[972.6041865749031, 0.0]
[1206.622274267384, 0.0]
[1119.015890903674, 0.0]
[0.0, 1358.464064169259]
[1450.4416980153146, 0.0]
[0.0, 1230.1933984901325]
[0.0, 1378.3792492949558]
[0.0, 1110.1558930201656]
[1278.9184505930555, 0.0]
[0.0, 1060.6082305841617]
[1073.500922448045, 0.0]
[1434.588755654125, 0.0]
[0.0, 1385.79551782904]
[0.0, 1472.1726777423064]
[0.0, 1039.4147025408174]
[0.0, 1162.5994299519482]
[1335.584770312082, 0.0]
[1470.6166013978982, 0.0]
[977.5205554474503, 0.0]
[1404.2006478994344, 0.0]
[1027.8441890341035, 0.0]
[1328.3029250928844, 0.0]
[0.0, 1076.5199937569384]
[0.0, 1332.399409415631]
[1231.6081168172366, 0.0]
[0.0, 1418.0018490129294]
[0.0, 1447.5132772210704]
[0.0, 1340.1240998309477]
[0.0, 1440.127167027896]
[1267.1368182582542, 0.0]
[1329.1778263656072, 0.0]
[0.0, 1103.3632534872047]
[0.0, 1289.7967689575457]
[1081.7812269297522, 0.0]
[0.0, 1331.966311785752]
[1281.1909521744808, 0.0]
[0.0, 1216.5852059499086]
[0.0, 751.6683562270184]
[1187.1912239716953, 0.0]
[1265.8819731180906, 0.0]
[0.0, 941.6578467415485]
[0.0, 1343.3259661939019]
[0.0, 1268.7490741289753]
[796.90858642568, 0.0]
[1285.2399928588136, 0.0]
[1234.4222039219637, 0.0]
[978.3354755913414, 0.0]
[1072.9626617166393, 0.0]
[0.0, 950.4066409026345]
[0.0, 1269.435539517583]
[0.0, 996.7391784000566]
[0.0, 962.3476894283773]
[1070.7445753959023, 0.0]
[1031.5983421410617, 0.0]
[1022.020980855743, 0.0]
[0.0, 1186.1702834733148]
[0.0, 1311.070238159638]
[1113.9585639368763, 0.0]
[1388.746648255111, 0.0]
[0.0, 1109.6853045449939]
[1259.9297297726014, 0.0]
[1234.4265256730978, 0.0]
[1183.706452899071, 0.0]
[1322.447644258302, 0.0]
[940.9705455763635, 0.0]
[0.0, 1026.7391290256473]
[830.4350483850942, 0.0]
[919.1705561841588, 0.0]
[0.0, 1058.130026045103]
[0.0, 960.6268658876186]
[0.0, 1310.2461304155686]
[1253.8969212624966, 0.0]
[0.0, 1233.1029424697308]
[1126.3396764258052, 0.0]
[0.0, 1179.5680508686983]
[1297.1781207292374, 0.0]
[1261.9408016570026, 0.0]
[932.9015748658456, 0.0]
[0.0, 1181.567301868071]
[995.4719224272333, 0.0]
[0.0, 1423.0391809273533]
[1035.7408630767352, 0.0]
[0.0, 1193.780038746422]
[0.0, 1209.2883450312172]
[1287.8014611100427, 0.0]
[0.0, 909.7704242320455]
[1016.6958281333282, 0.0]
[1036.0851191563456, 0.0]
[0.0, 1188.945393457792]
[967.6645071242078, 0.0]
[0.0, 1110.2897877376224]
[0.0, 1158.9139400512602]
[1264.4579513527501, 0.0]
[0.0, 1118.9232792777095]
[1265.6859062068897, 0.0]
[0.0, 1224.8161198887356]
[1322.0601190306584, 0.0]
[963.7493046946087, 0.0]
[0.0, 1140.2915421531468]
[0.0, 1218.0491295409047]
[0.0, 1330.3929628780406]
[0.0, 1179.3501298249003]
[0.0, 1395.6215760791672]
[1368.6539494944293, 0.0]
[1408.0037225835629, 0.0]
[0.0, 1327.3530708354847]
[0.0, 1329.0518502807422]
[1001.8290503396782, 0.0]
[1239.9698588220663, 0.0]
[1410.183046618869, 0.0]
[0.0, 1033.3662473679701]
[1305.1299761108091, 0.0]
[0.0, 1441.8873342502259]
[1339.8993279020897, 0.0]
[1513.0753507127743, 0.0]
[0.0, 1110.3356451723373]
[0.0, 1275.8947939321797]
[1238.9219714166172, 0.0]
[0.0, 1062.8544933131002]
[0.0, 1136.4823566091438]
[1368.819240643102, 0.0]
[0.0, 1105.7987259106428]
[0.0, 1333.4842194734347]
[0.0, 1035.9810224141886]
[1186.0398198512883, 0.0]
[1005.8392372770138, 0.0]
[1218.1492834980952, 0.0]
[1475.5868603779488, 0.0]
[1262.3050860276016, 0.0]
[1264.426927557198, 0.0]
[0.0, 1475.8756501604907]
[1428.8025841482563, 0.0]
[0.0, 1417.7410834383472]
[0.0, 1417.8367340330535]
[1395.8253055039509, 0.0]
[0.0, 1166.6321450564853]
[0.0, 1155.9069098022037]
[0.0, 1306.9849753130304]
[0.0, 1176.6781291991329]
[0.0, 1156.9289073358648]
[0.0, 1214.073797831177]
[0.0, 1188.6632464709728]
[1036.1028502135389, 0.0]
[1040.3414109148243, 0.0]
[0.0, 1334.6545627056566]
[0.0, 1106.914585610585]
[0.0, 936.851121023181]
[1418.9590959066336, 0.0]
[0.0, 1389.8182059397636]
[0.0, 1377.521132790685]
[0.0, 1169.7031580036992]
[1082.5226933562517, 0.0]
[0.0, 1248.9319472401808]
[1372.1902957416726, 0.0]
[1110.5074242091998, 0.0]
[856.0879232217392, 0.0]
[0.0, 1207.7137639239747]
[0.0, 1064.3750994492793]
[0.0, 1179.6696785052525]
[1326.405162477128, 0.0]
[909.0722597261537, 0.0]
[0.0, 1192.236571360196]
[1428.6063411423668, 0.0]
[0.0, 1088.045474776929]
[1299.146655879373, 0.0]
[0.0, 1409.0362907749907]
[0.0, 1378.327624239527]
[1296.0502227100146, 0.0]
[0.0, 937.3905808633324]
[1081.7026741765214, 0.0]
[999.1135088767203, 0.0]
[1358.8132100848388, 0.0]
[0.0, 983.8957809296836]
[0.0, 1180.1741519526754]
[0.0, 960.7489871861374]
[1413.5512632131272, 0.0]
[0.0, 1089.443095794292]
[0.0, 1225.7949414156208]
[1367.2712388058835, 0.0]
[0.0, 1140.342093985824]
[1405.3094399087229, 0.0]
[0.0, 1380.5840267804592]
[1337.8984573015452, 0.0]
[0.0, 1150.4242905747024]
[0.0, 1312.4777077813874]
[0.0, 1142.4503987598248]
[961.0542538964147, 0.0]
[1253.1150240449756, 0.0]
[0.0, 1475.498655826643]
[0.0, 1517.672446435351]
[0.0, 1393.090774819213]
[1422.1872341352437, 0.0]
[0.0, 1387.5569945954483]
[0.0, 1413.0836190534696]
[0.0, 1414.2495266782262]
[0.0, 1451.1505408387259]
[0.0, 1485.6968856919536]
[1353.6524480466364, 0.0]
[0.0, 1398.1241889472403]
[0.0, 1470.9684064570365]
[0.0, 1117.4819917405132]
[0.0, 1278.6010217390797]
[0.0, 908.9273122311247]
[0.0, 1270.7526749764422]
[1315.6971707727523, 0.0]
[0.0, 1398.0289271782658]
[587.8000978438112, 0.0]
[0.0, 1430.4331606655253]
[1368.3226860476689, 0.0]
[0.0, 903.5352043455022]
[0.0, 1303.7641832834076]
[0.0, 1139.669101527299]
[0.0, 1122.926648196837]
[0.0, 824.3713189808861]
[0.0, 1226.4738189321542]
[1397.2118499467933, 0.0]
[907.2483841358707, 0.0]
[1300.5726742356976, 0.0]
[1472.1162099140447, 0.0]
[1300.9756313497155, 0.0]
[0.0, 1500.6057691599315]
[0.0, 1400.6463638593004]
[1449.9236739911216, 0.0]
[1201.608571526655, 0.0]
[0.0, 1386.9185965996933]
[0.0, 1375.0875901099685]
[1162.309442865797, 0.0]
[1283.3305187666735, 0.0]
[1482.6852852313907, 0.0]
[0.0, 1114.6664728969026]
[1103.2901390998618, 0.0]
[0.0, 1197.5287274180537]
[0.0, 1039.661463721081]
[0.0, 1330.9588620439604]
[1507.179881475551, 0.0]
[1124.5060624689952, 0.0]
[1454.8923382212533, 0.0]
[1055.9301619658652, 0.0]
[852.5884587757259, 0.0]
[0.0, 870.9246573651292]
[0.0, 1339.5862397088038]
[0.0, 1342.227365935087]
[1117.9531411512678, 0.0]
[1015.772686417393, 0.0]
[971.9719202429734, 0.0]
[0.0, 1466.5477699426044]
[0.0, 1336.2587512846412]
[0.0, 1116.6203113951635]
[0.0, 1478.1775924162819]
[0.0, 1383.5895886975882]
[0.0, 720.1446656709913]
[804.8912319867555, 0.0]
[1128.4142565513002, 0.0]
[1415.4641339350007, 0.0]
[0.0, 1308.1968017241493]
[1390.5154781869364, 0.0]
[0.0, 1492.5833580725127]
[0.0, 1044.1863031074013]
[1425.6735919282737, 0.0]
[1340.809788565447, 0.0]
[0.0, 1080.28645906703]
[0.0, 1366.677538903189]
[984.9111538131997, 0.0]
[1430.25826356973, 0.0]
[0.0, 581.9638781478532]
[0.0, 1278.362492423848]
[834.1183007511758, 0.0]
[0.0, 812.2192168341105]
[0.0, 844.955208205216]
[0.0, 928.5670019306273]
[0.0, 1119.5453738966]
[816.7927652274916, 0.0]
[0.0, 1179.2660569603702]
[0.0, 1502.7120459937728]
[0.0, 1231.9736590729578]
[0.0, 1350.3333267420915]
[0.0, 927.7636229217921]
[861.495600854629, 0.0]
[0.0, 911.8638556457894]
[812.2390735616993, 0.0]
[1066.0157800270144, 0.0]
[0.0, 1347.9932194178616]
[0.0, 768.4534101569234]
[1238.6453055398963, 0.0]
[1047.4752564617875, 0.0]
[0.0, 1305.2812806776885]
[0.0, 844.8279327200022]
[0.0, 867.6473668830812]
[0.0, 1392.3387827083543]
[843.1845648064349, 0.0]
[1250.630690311513, 0.0]
[0.0, 942.3074652050201]
[0.0, 1177.284954591136]
[978.9579210774698, 0.0]
[910.3351448521229, 0.0]
[0.0, 1400.1984705124125]
[1380.8504118806716, 0.0]
[1278.120965823634, 0.0]
[0.0, 1438.0095540534846]
[1070.396562220344, 0.0]
[410.1195364244601, 0.0]
[854.6071842404132, 0.0]
[1366.3144444629268, 0.0]
[0.0, 1235.0074689799628]
[1015.6977109308332, 0.0]
[1012.6312874279917, 0.0]
[1368.2980739327706, 0.0]
[1332.0115636434189, 0.0]
[1242.4929336576342, 0.0]
[1282.606551816055, 0.0]
[0.0, 1168.3492249992903]
[0.0, 1318.5578035287624]
[1132.929803539415, 0.0]
[0.0, 1004.8678527912175]
[0.0, 998.7133655954756]
[0.0, 1285.095621756754]
[0.0, 1304.5838695483874]
[1115.6096756148831, 0.0]
[0.0, 1456.2365720659136]
[0.0, 1149.9005151338808]
[1505.7084353375103, 0.0]
[1483.9923701253856, 0.0]
[0.0, 1208.9275791752957]
[0.0, 1425.0958894602595]
[1004.1222983298684, 0.0]
[1232.0618239211888, 0.0]
[0.0, 1194.2766867898863]
[1034.4134895926145, 0.0]
[879.4824298960136, 0.0]
[0.0, 1357.5268372452365]
[0.0, 846.6385124865138]
[0.0, 1192.569054908375]
[822.5822551598379, 0.0]
[1134.7413463970004, 0.0]
[0.0, 1418.2356279490987]
[830.4896364713001, 0.0]
[0.0, 1140.7483042437311]
[1438.6933022123671, 0.0]
[1031.7519515793658, 0.0]
[0.0, 1382.020407867675]
[0.0, 1402.3540762536143]
[755.0149220230466, 0.0]
[0.0, 1461.6502294445604]
[1467.9846850424653, 0.0]
[0.0, 1518.7972392189986]
[1392.6413769525034, 0.0]
[0.0, 1481.1569250509253]
[0.0, 1422.8267053950242]
[0.0, 1381.4331205427427]
[0.0, 1352.7603617954912]
[0.0, 1413.886286102865]
[0.0, 1465.6491569821897]
[0.0, 1478.5842498223844]
[1177.2727425501485, 0.0]
[0.0, 1199.9901563848875]
[0.0, 1263.2267999942196]
[1489.0260032459405, 0.0]
[1537.83416615129, 0.0]
[0.0, 932.4199560651601]
[1331.6923021055172, 0.0]
[0.0, 1215.4867729599807]
[0.0, 1419.6310112089031]
[0.0, 1427.8767737980902]
[0.0, 1460.9477434385476]
[1256.0313309943124, 0.0]
[1173.6659076929514, 0.0]
[0.0, 1371.0720965448063]
[0.0, 1128.9917203242208]
[0.0, 1455.5762520053306]
[1373.0917739078268, 0.0]
[0.0, 965.0965812335496]
[0.0, 1114.9138432247187]
[0.0, 1193.2336388070476]
[1067.6170484100965, 0.0]
[0.0, 1421.07108425093]
[1481.6930991722336, 0.0]
[1280.7203750048955, 0.0]
[0.0, 1138.5383980244087]
[1182.274280111634, 0.0]
[1333.1094823243825, 0.0]
[1489.1007550323245, 0.0]
[0.0, 1295.1608617929753]
[1453.5346013945646, 0.0]
[0.0, 1228.3223893635395]
[1452.0445324530215, 0.0]
[1281.730183550735, 0.0]
[0.0, 1080.2927073147496]
[0.0, 1113.4900675744107]
[0.0, 1434.4384370967261]
[1453.8872259221278, 0.0]
[0.0, 1514.5523090588079]
[0.0, 1292.826977745122]
[0.0, 1072.1980689022478]
[1183.462364168298, 0.0]
[1406.9194596388036, 0.0]
[1550.5205617442184, 0.0]
[0.0, 1311.6353301298057]
[1427.9186390499729, 0.0]
[1281.1209821225214, 0.0]
[1180.939923326831, 0.0]
[0.0, 1412.964265733987]
[1331.9241344719903, 0.0]
[0.0, 1454.4806278192439]
[1392.3432373877263, 0.0]
[0.0, 1214.7485208528494]
[0.0, 1339.9041727045792]
[0.0, 1228.5239805138528]
[1077.000376375237, 0.0]
[1053.2739056654464, 0.0]
[0.0, 1354.1099344903714]
[0.0, 1358.7700794423301]
[0.0, 1388.153573881218]
[1392.2569677638962, 0.0]
[0.0, 1370.237542650701]
[1405.6329951118776, 0.0]
[0.0, 1238.3567881250676]
[0.0, 1416.4349562468528]
[0.0, 1352.4352968366104]
[1521.2668375032001, 0.0]
[0.0, 1160.995010286774]
[1406.9668256444797, 0.0]
[0.0, 1290.008520906224]
[1502.565344789254, 0.0]
[0.0, 1386.3010910728947]
[1393.2041845412746, 0.0]
[0.0, 1361.3897288053886]
[1192.6370356739126, 0.0]
[1299.3977924240487, 0.0]
[0.0, 1371.8643114341528]
[0.0, 1368.0637092426664]
[0.0, 1479.8442189006087]
[1322.9021394454223, 0.0]
[0.0, 1369.1106248804251]
[1265.1088689276573, 0.0]
[0.0, 1272.2686542462232]
[1368.5178140940352, 0.0]
[1354.3416758599585, 0.0]
[0.0, 1447.8011926957952]
[0.0, 1452.2161972083584]
[1349.542886227361, 0.0]
[1419.6946946978285, 0.0]
[0.0, 1431.853104741698]
[0.0, 1461.5186257273706]
[1401.0319920472389, 0.0]
[1439.5839278731687, 0.0]
[0.0, 1402.9228139238953]
[1329.5865242596776, 0.0]
[1355.527174290295, 0.0]
[0.0, 1364.4192891949078]
[0.0, 1280.0180409080826]
[1136.6219265464658, 0.0]
[0.0, 1454.4294486615809]
[1172.0046965610507, 0.0]
[0.0, 1335.8936802360633]
[1332.037883725969, 0.0]
[1244.4565184958071, 0.0]
[0.0, 1349.8324881787082]
[1432.629048865056, 0.0]
[0.0, 1392.7475627037982]
[1474.3778579875068, 0.0]
[1295.0780971010074, 0.0]
[0.0, 1299.754074932671]
[1384.337462795618, 0.0]
[0.0, 1290.0350347284154]
[1280.855383077235, 0.0]
[0.0, 1409.0775669234063]
[0.0, 1419.245242626343]
[1379.1056776507876, 0.0]
[1372.5709773185336, 0.0]
[0.0, 1422.707887224301]
[1403.1124133179312, 0.0]
[1449.6951061694165, 0.0]
[1510.6258176536355, 0.0]
[1386.7016730895077, 0.0]
[1375.2511075960308, 0.0]
[1407.7415728285137, 0.0]
[0.0, 1314.547677753868]
[1463.1280417431758, 0.0]
[1505.8071563656972, 0.0]
[1460.1868006181871, 0.0]
[0.0, 1377.1883338904524]
[0.0, 1533.5790985318]
[0.0, 1448.2445858259487]
[1467.2917074505351, 0.0]
[0.0, 1489.0082233071207]
[1295.7535437273852, 0.0]
[1465.4935607408743, 0.0]
[0.0, 1430.6665473240168]
[0.0, 1239.2598477683919]
[1484.4832902954404, 0.0]
[1159.1612993255217, 0.0]
[1371.163963744143, 0.0]
[1386.1342215260631, 0.0]
[1501.3826374097837, 0.0]
[1402.6119588408642, 0.0]
[0.0, 1439.531462328723]
[0.0, 1239.9773294989393]
[0.0, 1433.5012481715519]
[1449.2558939993712, 0.0]
[0.0, 1468.929675884431]
[0.0, 1483.6567992742994]
[0.0, 1511.5249812127458]
[1573.1104974140228, 0.0]
[1064.6712187418448, 0.0]
[1396.3035095080818, 0.0]
[1504.3111168930038, 0.0]
[1345.6507590660117, 0.0]
[0.0, 1431.7718168213203]
[1337.581797369439, 0.0]
[0.0, 1420.7484198999775]
[0.0, 1509.9097798718294]
[0.0, 1548.6345247944976]
[1512.5031420022483, 0.0]
[1521.731780438805, 0.0]
[1424.6658014284633, 0.0]
[0.0, 1380.9886280823605]
[0.0, 1467.008727864899]
[0.0, 1373.0658094406303]
[1459.5940877181513, 0.0]
[0.0, 1361.8179809879034]
[0.0, 1477.432092450745]
[1438.039531475888, 0.0]
[1409.9907454293527, 0.0]
[1413.5610397914206, 0.0]
[1401.5753409180888, 0.0]
[1401.4013715050594, 0.0]
[0.0, 1212.7207121776767]
[1319.6454425449747, 0.0]
[0.0, 1299.1733125181538]
[1391.051998797625, 0.0]
[989.0680095949706, 0.0]
[0.0, 1398.8164321279344]
[0.0, 1302.927172480646]
[0.0, 1397.321162234378]
[0.0, 1395.1492488363167]
[0.0, 1466.5460771790185]
[0.0, 1383.9219456641322]
[1324.6365601628204, 0.0]
[0.0, 1475.4240017591012]
[1311.2977223682335, 0.0]
[0.0, 1470.4276475736617]
[0.0, 1096.0203997288484]
[1385.423716651622, 0.0]
[0.0, 1329.6840017017792]
[0.0, 1399.38147086176]
[0.0, 1406.4538685627824]
[1410.9704562787235, 0.0]
[1367.5444244318978, 0.0]
[1253.4694074107492, 0.0]
[0.0, 1442.4412625544744]
[0.0, 1380.447436371147]
[0.0, 1384.4091702157623]
[1427.9012497298459, 0.0]
[1339.669457356844, 0.0]
[1411.8319101363581, 0.0]
[0.0, 1479.5129840881148]
[1369.8116522162902, 0.0]
[1522.9684393755758, 0.0]
[1412.9777811410997, 0.0]
[1174.3722722367522, 0.0]
[0.0, 1480.460397857706]
[1418.4789940592489, 0.0]
[0.0, 1346.3700811215208]
[1427.6450001541107, 0.0]
[1429.8605990382825, 0.0]
[1433.5310046293012, 0.0]
[0.0, 1386.4862337398786]
[0.0, 1363.5180889402493]
[1449.127526036121, 0.0]
[0.0, 1419.856082468043]
[1358.4476781140534, 0.0]
[1432.0924420132646, 0.0]
[1399.4827719906814, 0.0]
[0.0, 1429.2365161259036]
[1394.0689278328234, 0.0]
[1272.2074842789184, 0.0]
[1397.5429324553295, 0.0]
[1299.56785470371, 0.0]
[1426.9619194998686, 0.0]
[1508.5287129354158, 0.0]
[0.0, 1478.9677335420422]
[1467.8231860720794, 0.0]
[1389.6057698748664, 0.0]
[0.0, 1491.0464661047195]
[1449.2510605295986, 0.0]
[0.0, 1515.8413698136962]
[1342.2598999721142, 0.0]
[0.0, 1450.1443855520995]
[0.0, 1431.2126459357587]
[1385.5939272385194, 0.0]
[1423.47284742792, 0.0]
[1449.753875787427, 0.0]
[1423.3674966788542, 0.0]
[1349.081074170874, 0.0]
[0.0, 1324.4768958010302]
[0.0, 1352.6913864452813]
[1326.2705457643378, 0.0]
[1321.1549103325533, 0.0]
[1252.928969124247, 0.0]
[0.0, 1395.4160887862784]
[0.0, 1378.1302187087863]
[0.0, 1344.7470783175984]
[1378.39117306252, 0.0]
[0.0, 1419.5915230478824]
[1298.3718100268122, 0.0]
[1458.0866858403626, 0.0]
[0.0, 1444.881812558935]
[1441.5375713225098, 0.0]
[1267.3662740866835, 0.0]
[1512.9652127091758, 0.0]
[1337.1282164615761, 0.0]
[1440.7392758370993, 0.0]
[0.0, 1266.3693765916116]
[0.0, 1398.629569488769]
[0.0, 1381.5964731704119]
[1387.9040410143245, 0.0]
[1323.7860862712434, 0.0]
[1281.5922174234659, 0.0]
[1344.9058433646535, 0.0]
[1361.9737957670493, 0.0]
[1407.4177374773553, 0.0]
[1284.4047724747581, 0.0]
[0.0, 1426.4279840030742]
[1367.6855467507849, 0.0]
[0.0, 1362.111315035489]
[0.0, 1313.391199301466]
[0.0, 1380.4789648159508]
[0.0, 1338.0690327406849]
[1383.3703369701154, 0.0]
[0.0, 1371.4149005291717]
[1382.3756895275312, 0.0]
[1399.8893291920417, 0.0]
[1387.331939308919, 0.0]
[0.0, 1376.6058333717467]
[1434.3162769389644, 0.0]
[1440.9226493184874, 0.0]
[0.0, 1449.8981141714992]
[0.0, 1489.0984083377555]
[0.0, 1466.5482063215234]
[0.0, 1373.3094592233035]
[1457.2547143144643, 0.0]
[1481.990805076919, 0.0]
[0.0, 1498.9698943382627]
[1341.761326569738, 0.0]
[1435.165175221114, 0.0]
[1405.5568732718168, 0.0]
[1336.4890911315144, 0.0]
[1469.2519632217823, 0.0]
[1401.8975815090744, 0.0]
[1404.2551309436742, 0.0]
[0.0, 1408.6007048179738]
[1349.3007464772772, 0.0]
[0.0, 1224.6433482596735]
[0.0, 1483.5271260334548]
[1495.607523904238, 0.0]
[1440.8146323697076, 0.0]
[0.0, 1425.7799754048035]
[1471.3442802413626, 0.0]
[0.0, 1455.9207539545375]
[1464.3907387905342, 0.0]
[1440.0320320668402, 0.0]
[1481.9257647392376, 0.0]
[1399.8225982691165, 0.0]
[1373.4812738974506, 0.0]
[0.0, 1450.6700091875487]
[0.0, 1348.8922170903377]
[0.0, 1355.0985600511704]
[1319.7089182838645, 0.0]
[1424.6386265557994, 0.0]
[0.0, 1469.5648237595126]
[1276.0793549000202, 0.0]
[0.0, 1437.843070557963]
[1411.7902176106218, 0.0]
[1443.5249900112997, 0.0]
[0.0, 1460.1958361850595]
[1329.140404810495, 0.0]
[1262.139525473183, 0.0]
[0.0, 1367.5715617593992]
[0.0, 1394.4225389568899]
[1186.2856033365722, 0.0]
[0.0, 1216.7706839933908]
[1298.6148326271166, 0.0]
[0.0, 1375.7478389367404]
[0.0, 1437.4927698506701]
[1160.4853062666223, 0.0]
[0.0, 1431.949826003296]
[1208.1933698259656, 0.0]
[1392.000480016732, 0.0]
[1369.4909450586024, 0.0]
[0.0, 1401.3234538695888]
[1431.8977608960452, 0.0]
[0.0, 1313.6126148354556]
[0.0, 1391.2811714205648]
[1316.5758904213556, 0.0]
[0.0, 1167.657960984054]
[0.0, 1414.7559268922723]
[0.0, 1446.4831219996179]
[1345.5024030926368, 0.0]
[1310.6641004717596, 0.0]
[1402.9829977930203, 0.0]
[0.0, 1456.875643904897]
[0.0, 1458.7460845415007]
[0.0, 1306.7380247389344]
[1412.1590751927054, 0.0]
[0.0, 1423.6429739402465]
[0.0, 1450.8037458951121]
[0.0, 1313.8352343522577]
[0.0, 1369.5786740710705]
[1454.9934329575335, 0.0]
[1389.7653232395405, 0.0]
[0.0, 1345.6608448423453]
[1448.6751778916641, 0.0]
[1305.4983490651507, 0.0]
[1351.7350198609263, 0.0]
[0.0, 1444.304947724701]
[0.0, 1347.3816036289518]
[0.0, 1449.2815754198173]
[1216.8085681598159, 0.0]
[0.0, 1379.3010916299966]
[0.0, 1417.334879345695]
[1455.68884488728, 0.0]
[0.0, 1419.940278013831]
[0.0, 1474.4340640181942]
[0.0, 1351.4724368447476]
[1508.2230463432436, 0.0]
[1430.3535863169575, 0.0]
[0.0, 1376.6437559504286]
[0.0, 1425.6744971076087]
[0.0, 1460.045192140757]
[0.0, 1495.666553121955]
[1412.8326363429244, 0.0]
[1404.789321236825, 0.0]
[1366.1045121952666, 0.0]
[1296.079035744256, 0.0]
[0.0, 1390.9144841815462]
[1411.5297049747944, 0.0]
[1334.399451741494, 0.0]
[1468.1176288310883, 0.0]
[1453.6826909200777, 0.0]
[1358.832576424641, 0.0]
[0.0, 1455.0465724224034]
[1447.1511965618545, 0.0]
[0.0, 1510.7512535961987]
[0.0, 1467.15309202697]
[1467.3425390064053, 0.0]
[0.0, 1362.6566563174486]
[0.0, 1357.9396075984325]
[0.0, 1352.212307336974]
[0.0, 1509.1829019910233]
[0.0, 1409.6085455325274]
[0.0, 1457.3153407813209]
[0.0, 1373.5732631155615]
[0.0, 1455.4220814881426]
[0.0, 1401.1063841446812]
[0.0, 1408.2130338763]
[0.0, 1468.6060926908854]
[1379.0163236070584, 0.0]
[0.0, 1284.9523518434669]
[0.0, 1369.1400978585664]
[0.0, 1393.6649765072584]
[1398.9763209400185, 0.0]
[1435.7835768525338, 0.0]
[0.0, 1358.1038379054785]
[1393.2242821418358, 0.0]
[0.0, 1274.8155409841745]
[1388.5451504221023, 0.0]
[1456.2788227833369, 0.0]
[0.0, 1373.3790633830486]
[1409.787182695514, 0.0]
[0.0, 1356.3428578686069]
[1354.4680917308383, 0.0]
[1383.900908885329, 0.0]
[0.0, 1417.7803895427817]
[0.0, 1478.4223237460262]
[1452.2394698500755, 0.0]
[1404.5000899888546, 0.0]
[1361.6971948064725, 0.0]
[0.0, 1368.7332024385769]
[1409.1714397953886, 0.0]
[0.0, 1361.7522288374344]
[0.0, 1350.9396722584795]
[1394.9219857348337, 0.0]
[1370.9437190937604, 0.0]
[1448.9089977184399, 0.0]
[1411.3183903608965, 0.0]
[1283.8749303870663, 0.0]
[0.0, 1296.9700870489837]
[0.0, 1415.3164898928908]
[0.0, 1452.966065829546]
[1323.0196480624409, 0.0]
[0.0, 1417.221061349873]
[0.0, 1429.8811834708526]
[0.0, 1398.5942564886832]
[0.0, 1266.881484660719]
[1372.0091507688662, 0.0]
[1444.3820467672967, 0.0]
[1437.8431959836432, 0.0]
[1420.377057956543, 0.0]
[0.0, 1449.2203694433033]
[0.0, 1274.7745486928989]
[0.0, 1373.260371398041]
[0.0, 1489.8264331230002]
[1240.9400209426503, 0.0]
[1380.4281997399555, 0.0]
[0.0, 1468.3946651632361]
[0.0, 1364.212285997716]
[0.0, 1378.6747355596908]
[1345.595352199671, 0.0]
[0.0, 1272.728122566912]
[1359.0107461242062, 0.0]
[0.0, 1414.974141152896]
[1320.7642122140521, 0.0]
[0.0, 1474.1652798122427]
[1358.21525988732, 0.0]
[1424.9910721917827, 0.0]
[0.0, 1389.6856818075914]
[0.0, 1292.811819426103]
[1336.8039709601624, 0.0]
[0.0, 1310.3236245899548]
[0.0, 1334.5019275233913]
[1363.8058519811268, 0.0]
[0.0, 1185.367426698135]
[1358.2572463530666, 0.0]
[1385.9587776578958, 0.0]
[1452.2391311408494, 0.0]
[0.0, 1365.1928332255802]
[1448.5581007202113, 0.0]
[0.0, 1403.3901122661043]
[1511.750459834245, 0.0]
[1502.4283234394825, 0.0]
[0.0, 1384.9209262561194]
[1402.0733500257786, 0.0]
[0.0, 1377.6959335409372]
[1226.1034898681692, 0.0]
[1306.9319827665995, 0.0]
[0.0, 1476.335608809004]
[0.0, 1449.0179570323655]
[1286.553694479033, 0.0]
[1273.2431475258131, 0.0]
[0.0, 1307.9176195655534]
[1352.7016045899527, 0.0]
[1539.1097977058091, 0.0]
[0.0, 1392.6908930015074]
[1223.3883711873273, 0.0]
[1518.0702891168216, 0.0]
[0.0, 1337.4897951710227]
[0.0, 1429.8518105247333]
[1458.6159122469242, 0.0]
[0.0, 1442.6139615807933]
[0.0, 1335.4048479627288]
[0.0, 1504.1020416126044]
[1424.1392374816699, 0.0]
[0.0, 1405.2641339203699]
[1375.5730456435774, 0.0]
[0.0, 1403.6165182886625]
[1382.632886374907, 0.0]
[0.0, 1497.6456207847898]
[0.0, 1339.1780449817752]
[1439.4943453249073, 0.0]
[0.0, 1441.5534367900557]
[0.0, 1481.002427136763]
[1442.7797738178285, 0.0]
[0.0, 1412.0338442505442]
[1394.7147221943055, 0.0]
[0.0, 1403.3009144998846]
[0.0, 1358.0271775065276]
[0.0, 1349.590141775084]
[1380.160460928633, 0.0]
[0.0, 1299.0704674687827]
[1484.1266521102611, 0.0]
[1433.7948897511671, 0.0]
[1445.6253231938022, 0.0]
[1287.50445644915, 0.0]
[0.0, 1267.2779652016804]
[1288.6548899067222, 0.0]
[1322.3576766146205, 0.0]
[0.0, 1409.4877418465035]
[0.0, 1468.3598669726512]
[1254.112676130505, 0.0]
[1508.6168310456635, 0.0]
[1412.917853851621, 0.0]
[1490.0079596234907, 0.0]
[1393.058476962011, 0.0]
[0.0, 1370.5584161809222]
[0.0, 1478.9053898152374]
[0.0, 1410.9212970715957]
[1499.376125796006, 0.0]
[1269.8260328972287, 0.0]
[0.0, 1344.0446799000044]
[0.0, 1439.5804557130891]
[0.0, 1466.5733074910872]
[1306.1090021944858, 0.0]
[1290.416742283296, 0.0]
[0.0, 1143.3167575401626]
[1468.4340399802086, 0.0]
[1445.2034387481988, 0.0]
[1507.8273046461784, 0.0]
[1260.2517110543004, 0.0]
[0.0, 1552.6700433032279]
[1327.5884552234845, 0.0]
[0.0, 1382.8567697055255]
[0.0, 1458.60994807612]
[1396.2856399006384, 0.0]
[0.0, 1450.7788639599937]
[0.0, 1406.957260023141]
[0.0, 1323.603589254827]
[0.0, 1447.0834850030103]
[1398.9930549733876, 0.0]
[0.0, 1355.9891343970498]
[1440.4637096045612, 0.0]
[0.0, 1411.6292689191973]
[1448.250911720403, 0.0]
[0.0, 1427.9790516887078]
[0.0, 1203.0807620691396]
[0.0, 1521.7249166521824]
[1380.5502588057366, 0.0]
[1319.5509325828832, 0.0]
[0.0, 1233.8738019789037]
[1509.5361287180172, 0.0]
[1452.9736195996677, 0.0]
[1258.4315780656607, 0.0]
[1410.8187992451076, 0.0]
[0.0, 1356.6326953864416]
[0.0, 1424.8901948814707]
[0.0, 1327.9731921983728]
[1415.4757792250484, 0.0]
[0.0, 1416.7773413637092]
[1490.8503661486823, 0.0]
[0.0, 1468.4350900647505]
[0.0, 1489.8833049295292]
[0.0, 1400.1697700832208]
[1411.2613983063688, 0.0]
[1383.1777265457001, 0.0]
[0.0, 1366.8569523572185]
[1297.0991808681313, 0.0]
[1373.1822645452303, 0.0]
[1353.1556318992446, 0.0]
[1391.8709465859051, 0.0]
[0.0, 1376.8541767763902]
[0.0, 1380.7675313395432]
[0.0, 1427.0440056957236]
[1273.11774406401, 0.0]
[1340.004227196636, 0.0]
[0.0, 1337.3238971886817]
[1454.607005953384, 0.0]
[1239.0586312831763, 0.0]
[0.0, 1357.5503239650457]
[1323.7915671206677, 0.0]
[0.0, 1354.644928648932]
[1353.1433289042568, 0.0]
[1419.1257297134098, 0.0]
[1473.9523127172943, 0.0]
[0.0, 1367.1600102774541]
[1207.3212095419553, 0.0]
[1420.9806735345264, 0.0]
[0.0, 1378.6982601752202]
[0.0, 1394.4876071313327]
[1376.8604267799803, 0.0]
[0.0, 1391.0737480441037]
[0.0, 1455.498900639648]
[0.0, 1426.1056303752373]
[0.0, 1520.3117722381141]
[1368.1933236062637, 0.0]
[1328.2353370184535, 0.0]
[0.0, 1445.3937938736772]
[1376.1794358937448, 0.0]
[0.0, 1350.1490276829672]
[1272.6056425465167, 0.0]
[1332.0436077332847, 0.0]
[1289.054340138527, 0.0]
[0.0, 1330.3468441101563]
[0.0, 1427.9362146679034]
[1405.5921664664108, 0.0]
[0.0, 1496.642723543085]
[1415.1812748620537, 0.0]
[0.0, 1384.1172996699]
[0.0, 1368.2729791597371]
[0.0, 1406.1967398718143]
[0.0, 1439.5095779825065]
[0.0, 1259.6370468233772]
[1433.2933877186365, 0.0]
[0.0, 1424.999046966748]
[1434.6965649964002, 0.0]
[1285.8434988866102, 0.0]
[1389.8440356751814, 0.0]
[0.0, 1464.9630934272818]
[1400.1142519938953, 0.0]
[0.0, 1426.0865527341175]
[1410.7313899405874, 0.0]
[0.0, 1399.4913603958535]
[1440.7140491750768, 0.0]
[0.0, 1416.3157594177487]
[1370.8588406350136, 0.0]
[0.0, 1437.2150120040778]
[1419.3592996891953, 0.0]
[1521.0811479885745, 0.0]
[1374.7778041832462, 0.0]
[1198.0191161175778, 0.0]
